[0,0,0], 1	0	
[0,1,2], 3	3	
[0,1,2], 0	3	
[1,1,-1], 0	1	
[1,1,-1], 2	1	
[1,1,-1], 1	1	
[1,1,1,1], 0	3	
[1,1,1,1], 3	3	
[1,1,1,1], 4	3	
[1,1,1,1], -100	3	
[1,1,1,1], 100	3	
[1,1,1,0], -100	2	
[1,1,1,0], 100	3	
[-1,2,1,-4], 1	2	
[0,2,1,-3], 1	0	
[1,1,-1,-1,3], 1	1	
[1,1,-1,-1,3], -1	-1	
[1,1,-1,-1,3], 3	3	
[-3,-2,-5,3,-4], -1	-2	
[-1,0,1,2,-1,-4], 0	0	
[0,5,-1,-2,4,-1,0,-3,4,-5], 1	1	
[4,-1,-4,4], -1	-1	
[1,-3,3,5,4,1], 1	1	
[0,-4,1,-5], 0	-3	
[-1,-5,-3,-4,2,-2], 0	-1	
[4,0,5,-5,3,3,0,-4,-5], -2	-2	
[-10,0,-2,3,-8,1,-10,8,-8,6,-7,0,-7,2,2,-5,-8,1,-4,6], 18	17	
[-4,-7,-2,2,5,-2,1,9,3,9,4,9,-9,-3,7,4,1,0,8,5,-7,-7], 29	27	
[13,2,0,-14,-20,19,8,-5,-13,-3,20,15,20,5,13,14,-17,-7,12,-6,0,20,-19,-1,-15,-2,8,-2,-9,13,0,-3,-18,-9,-9,-19,17,-14,-19,-4,-16,2,0,9,5,-7,-4,20,18,9,0,12,-1,10,-17,-11,16,-13,-14,-3,0,2,-18,2,8,20,-15,3,-13,-12,-2,-19,11,11,-10,1,1,-10,-2,12,0,17,-19,-7,8,-19,-17,5,-5,-10,8,0,-12,4,19,2,0,12,14,-9,15,7,0,-16,-5,16,-12,0,2,-16,14,18,12,13,5,0,5,6], -59	-58	
[-16,-2,17,-16,3,-7,-13,20,-4,12,5,13,-7,0,5,4,-17,-16,9,1,8,-6,0,-8,16,10,-6,9,-4,12,16,5,19,2,-9,-17,-8,-17,7,-10,2,20,-18,-20,-14,-6,6,17,-10,-8,18,-15,7,-9,13,13,-13,3,18,10,12,16,-6,-19,-6,-13,8,-5,16,5,8,-3,-9,-9,-5,14,14,-13,-18,13,15,-3,9,14,18,-14,-14,1,20,-4,-6,0,3,15,20,20,9,13,-8,-1,-2,6], -58	-57	
[6,-18,-20,-7,-15,9,18,10,1,-20,-17,-19,-3,-5,-19,10,6,-11,1,-17,-15,6,17,-18,-3,16,19,-20,-3,-17,-15,-3,12,1,-9,4,1,12,-2,14,4,-4,19,-20,6,0,-19,18,14,1,-15,-5,14,12,-4,0,-10,6,6,-6,20,-8,-6,5,0,3,10,7,-2,17,20,12,19,-13,-1,10,-1,14,0,7,-3,10,14,14,11,0,-4,-15,-8,3,2,-5,9,10,16,-4,-3,-9,-8,-14,10,6,2,-12,-7,-16,-6,10], -52	-52	
[-11,-2,17,-16,1,-5,-5,-5,-20,7,10,-2,3,-7,-17,-13,-19,-15,-8,-7,6,-6,-8,-4,12,-12,9,-17,-13,4,-5,-15,-9,-18,-17,1,-15,-8,14,8,20,-3,-11,17,-18,10,-16,5,-9,-18,2,-3,4,-18,2,20,0,-6,18,-12,0,-17,3,-19,-20,15,12,-17,-7,8,16,7,-5,5,-13,16,-18,-7,-9,-8,-17,6,-18,0,-15,10,-13,7,9,20,7,-13,3,0,0,19,8,0,-5,-9,6,8,16,14,3,-4,5,9,-12,-19,16,6], -48	-48	
[0,-16,-11,-4,6,20,-17,10,14,-11,-16,17,-14,-11,8,-4,0,-2,10,15,0,-2,-3,19,17,-18,8,-16,-4,-16,-20,16,-16,5,-3,-18,-12,-18,-9,11,3,-14,-18,8,11,-9,-1,6,1,-17,-9,-7,11,-10,18,-1,4,-8,1,-20,-19,-19,12,13,14,15,0,18,3,8,-4,18,-1,6,-19,-11,11,14,12,11,-15,2,4,-1,5,3,-17,15,-1,-15,3,16,-11,-14,14,4,-7,-20,-2,-14,-8,-12,-12,18,4,-12,16], -31	-31	
[87,6,-100,-19,10,-8,-58,56,14,-1,-42,-45,-17,10,20,-4,13,-17,0,11,-44,65,74,-48,30,-91,13,-53,76,-69,-19,-69,16,78,-56,27,41,67,-79,-2,30,-13,-60,39,95,64,-12,45,-52,45,-44,73,97,100,-19,-16,-26,58,-61,53,70,1,-83,11,-35,-7,61,30,17,98,29,52,75,-73,-73,-23,-75,91,3,-57,91,50,42,74,-7,62,17,-91,55,94,-21,-36,73,19,-61,-82,73,1,-10,-40,11,54,-81,20,40,-29,96,89,57,10,-16,-34,-56,69,76,49,76,82,80,58,-47,12,17,77,-75,-24,11,-45,60,65,55,-89,49,-19,4], -275	-274	
[25,-12,2,66,-8,67,67,-93,-97,-68,-49,-24,49,90,31,87,-1,14,50,-25,69,-91,-23,82,-43,96,80,43,4,-87,40,24,-71,-10,-16,78,-60,-20,-84,69,84,84,16,-23,-25,88,15,72,-82,-72,-16,49,50,26,3,26,-92,82,-69,60,-81,24,-25,-47,-77,-37,-33,69,21,-50,56,-43,18,-87,96,47,59,37,100,23,-34,-69,-12,-83,-65,91,75,100,24,80,64,-27,-31,39,-46,-73,88,-13,-10,67,95,27,91,-61,-44,67,0,-29,-57,-61,-62,83,-6,82,-58,-58,-5,-87,-44,9,-20,-28,3,17,57,-63,78,34,7,-68,30,-49,77,-97,15,-42,-49,-22,-60,78,84,35,19], 250	250	
[46,-80,39,81,-44,22,76,-65,-11,71,-93,0,22,-85,-6,-6,34,-22,33,80,-2,93,-58,-89,-72,19,-47,-30,-14,92,25,5,16,98,62,-26,-11,7,8,4,22,-11,9,-3,55,78,-24,-38,-43,-57,-46,-35,34,93,4,23,-86,61,-74,-18,91,8,-10,89,15,24,94,84,67,37,4,-30,-26,85,-21,95,64,26,49,27,25,91,42,-79,-83,-12,-41,9,0,-100,62,66,96,66,-72,-7,-76,82,38,-58], -89	-89	
[47,-48,-72,97,-78,50,-22,18,9,24,28,-53,44,-96,50,45,86,11,21,-44,67,83,55,-86,-33,0,-53,-94,-60,57,-72,-73,-27,13,91,80,18,-80,-29,-69,-74,-90,54,22,3,91,-47,-32,80,-55,69,-95,62,-92,4,-86,62,3,23,-30,-4,0,49,24,10,-32,79,-99,-66,-30,-83,-13,90,-27,9,-4,9,98,-70,-19,32,24,-77,83,11,-78,-94,4,41,61,20,96,-36,54,-46,-51,91,54,30,-42,82,0,9,24,-2,32,-16,-18,87,23,78,-10,-82,-67,68,-18,-61,91,-90,-53,67,-48,12,1,-71,-99,31,82,39,-56,23,-89,-58,19,-60,39,-23,-76,-85,67,-33,69,-74,-8,-99,52,-70,-71,85,-8,28,-3,-100,18,88,5,-16,17,91,-35,22,-76], 298	291	
[-43,61,-62,24,73,64,-23,94,-65,-27,24,-56,8,54,0,19,-100,-64,-53,6,-22,13,-18,55,-41,37,34,-43,0,-8,-95,76,73,21,-93,16,98,60,70,-32,30,-7,-27,-73,79,-26,41,32,41,-5,82,-14,50,-94,22,62,60,-48,51,12,-34,68,-40,-20,-20,46,46,-79,1,82,-98,41,-79,-43,-76,-25,-94,-16,-25,46,-95,-79,53,-1,-30,43,93,17,72,66,83,-89,-16,42,40,87,-46,40,22,85,-91,46,-77,19,-56,-28,8,47,-20,65,8,60,-49,-86,-74,56,30,79,97,-89,14,-90,66,-12,-57,46,-61,87,72,13,75,75,36,79,-16,84,-49,-86,76,68,-8,-65,-86,-11,55,-69,-59,34,63,59,-11,43,16,7,93,57,-55,2,38,64,3,22,-9,-22,-34,-84,90,-71,-88,64,-19,13,-8,-81,-95,-38,-9,-25,82,57,60,-26,66,21,8,65,-38,-68,-59,24,91], -231	-231	
[-7,-71,-7,-13,45,46,-50,83,-29,-72,9,32,-74,81,68,92,-31,28,-46,-86,-70,31,-62,-20,-56,97,-41,21,81,17,-14,56,69,16,25,-38,65,-48,15,16,-25,68,-41,46,-56,-2,-3,82,8,19,-32,62,92,-56,-9,43,50,100,66,-45,41,-24,-4,83,-36,79,24,97,82,89,-56,-91,75,-64,-68,96,-55,-52,-58,-37,68,27,89,-40,-42,94,-92,-70,40,74,75,-15,54,-54,0,4,-39,93,88,-31,-26,93,8,-85,-62,89,-93,98,4,-58,8,5,-93,7,30,-75,63,41,62,-52,49,93,-11,87,7,52,5,-96,-56,43,-41,-75,-16,73,6,35,-32,62,-50,-57,-25,5,-32,94,-70,6,19,-12,63,-47,76,-57,41,-49,-33,-15,-81,55,88,67,-51,100,-19,-39,62,84,-100,78,-24,31,-32,-83,33,-25,86,9,-30,-40,52,64,-30,-17,19,-69,-89,-67,-79,-100,-53], 157	157	
[-73,-78,-47,65,22,21,-28,-87,86,-78,-29,97,30,98,-38,-68,76,-91,70,-48,-67,-26,-52,-17,76,-21,-25,15,-58,41,47,-40,86,44,-18,47,-94,-12,52,48,-90,65,52,-2,25,-39,-18,-60,41,59,95,10,44,-65,-17,-56,47,89,33,75,0,-62,-24,22,-23,-58,52,-71,-23,-91,-13,13,100,25,-25,22,-12,-77,-37,34,-45,10,-93,-92,49,88,61,89,69,25,46,-52,64,-60,-94,-61,18,34,18,24,-73,-30,13,27,65,75,-32,34,-54,-30,20,-85,-27,48,43,-13,-85,-82,94,11,-94,0,-78,54,-95,-11,-6,-86,-80,-80,73,-71,-68,20,94,52,-50,-78,87,25,-48,94,-65,89,46,33,26,-75,55,-20,58,0,-91,1,42,90,-62,11,-28,-4,33,58,-74,85,-93,42,9,-91,18,76], -283	-283	
[-79,-95,8,-76,-93,-6,19,-68,-64,21,47,37,-47,-88,-12,23,-99,-63,43,-20,50,-85,-64,-48,91,40,64,-50,38,-17,22,-7,-91,-93,40,-35,72,92,-38,-28,75,99,-10,83,-51,-65,73,59,74,-64,-97,-71,-51,-69,68,50,-97,14,62,88,-28,18,-57,98,-61,45,-92,57,9,-99,-54,-87,63,-90,-63,-70,-62,-24,-32,16,-48,-83,-8,49,-98,61,27,-34,13,-81,32,-100,-4,-46,78,-62,-55,98,15,46,-25,-30,-20], 289	289	
[89,-17,-41,9,56,-8,40,38,98,-31,80,-1,-40,-73,28,55,15,89,-83,87,-42,-22,61,64,-94,-33,-38,25,-20,-80,37,99,-72,74,16,-25,-21,-73,-73,-72,65,-4,-72,46,60,7,-25,-14,-58,-50,14,-99,88,50,75,-59,94,-74,25,23,-10,-47,-1,-30,81,-66,54,-64,-1,68,-1,47,55,-59,5,64,45,83,-3,-38,-59,46,33,54,55,9,-13,50,-43,-48,57,97,-55,-13,-25,-9,-20,63,30,88,-4,74,19,-87,-32], -297	-280	
[6,-34,70,-43,1,-74,56,-18,-47,44,43,-96,-81,-65,68,60,-9,59,-52,32,61,41,31,56,94,-53,-94,-35,38,55,20,-12,40,-41,-38,-10,10,16,-42,85,-38,4,-18,72,-39,95,-73,-55,-43,-70,0,46,97,-84,-67,-5,-37,68,15,-78,31,-80,-44,-48,-28,-100,-97,-4,6,-29,-21,-76,10,46,-49,80,27,-16,92,-90,-82,-13,-67,70,37,79,34,-48,-65,70,-15,60,6,45,41,16,56,67,-79,28,2,39,28,-80,-13,-72,-97,-37,-8,-100,-83,-37,-77,26,74,-36,-28,-78,-95,-81,39,-1,-50,4,87,-39,-52,6,-13,-16,-53,-95,94,2,-61,61,-1,-68,-33,-76,-41,54,57,-54,-24,-55,88,-58,53,0,76,-46,56,-95,17,-74,50,84,-19,-9,39,20,46,40,38,-46,-68,57,38,-44,-53,80], 0	0	
[96,-52,73,25,-95,-5,74,-72,-81,77,-68,-14,12,-35,75,23,-98,41,-56,1,-69,77,86,63,-78,2,65,-67,46,-23,32,90,-19,32,-63,92,-73,7,-82,-57,41,3,-74,14,-3,73,-16,98,59,-77,61,86,-1,-25,-95,-75,74,-39,81,-100,57,86,0,-40,44,-13,-16,-72,24,-100,10,53,-85,-64,11,50,1,39,51,-60,-95,32,-4,-27,32,-79,66,93,56,16,52,-67,67,-54,83,79,53,-54,-81,-51,73,-21,94,-89,2,-82,-2,-74,-52,-53,7,11,-75,-84,78,-100,-31,89,1,-40,-14,24,69,18,-57,21,35,-92,-30,63,76,-24,84,64,-22,-20,57,85,40,-79,-7,95,99,-85,-93,3,76,-41,-73,76], -271	-271	
[64,-13,-13,100,90,-37,-64,-49,81,28,-38,57,95,-5,68,84,6,52,-80,-28,17,100,19,73,77,82,-89,-9,99,70,48,-29,-16,6,65,-97,66,-29,77,-85,-68,33,-37,-72,23,-100,-61,-93,-41,-38,66,-54,-64,50,16,60,32,-74,-1,-36,-19,29,29,-23,52,43,96,-16,12,-31,32,-79,50,100,64,75,-37,29,-57,69,-13,94,41,-100,-7,-47,88,-69,-44,-20,70,23,65,4,-37,98,-17,91,-32,43,87,-44,49,-43,47,-33,91], 154	154	
[-93,-78,-7,50,17,62,-17,25,-10,22,74,1,80,94,5,-42,25,30,-45,-28,54,1,-56,-10,58,-88,-45,0,-6,-93,-76,76,19,66,52,25,84,-42,86,38,50,40,81,87,-1,-97,80,-44,-11,-96,-71,-35,13,26,96,7,-22,-73,21,-88,-4,-65,23,-48,86,63,98,76,7,76,-100,46,-29,-57,-44,38,28,-98,79,-17,-22,-86,-10,96,-29,-52,-53,16,84,99,83,-8,-5,95,-84,-80,-59,91,59,-53,23,-49,-69,24,-70,-12,-24,29,58,-12,-36,-13,-90,29,-57,35,53,-89,81,-73,67,-68,-37,-53,21,2,-24,-17,-53,95,-28,21,45,0,-54,-7,23,-78,38,55,-62,-48,5,-32,11,33], 48	48	
[-73,-26,10,-40,-74,81,20,-52,80,32,-17,-20,19,34,-2,94,-81,-66,-17,93,26,36,54,40,40,32,3,77,-30,14,-28,-74,-60,-99,11,0,-31,-84,90,-51,-29,87,-67,55,6,96,9,-76,75,-44,32,89,13,46,29,66,-12,-90,81,43,-46,54,74,22,70,-66,-43,97,93,-26,6,45,9,-64,-11,-43,-78,44,-92,98,-65,29,83,-30,35,-63,13,-92,-9,79,95,-44,50,55,87,-69,81,-91,-57,5,-9,65,42,11,78,-4,-43,10,1,0,50,-37,100,61,-82,-13,100,46,0,-25,13,16,43,49,92,31,85,38,-63,6,-30,67,64,-4,-71,-74,-92,6,-50,-45,-71,-82,11,-39], 299	298	
[82,-16,-60,-48,32,-30,0,-89,70,-46,-82,-58,66,41,-96,-55,-49,-87,-33,-65,9,14,81,-11,80,-93,79,-63,-61,-16,22,-31,75,12,17,-6,37,-2,-89,-66,3,-95,-74,58,-95,22,11,-20,-36,60,-75,46,-52,-61,-28,7,-50,-45,93,-91,-43,35,-99,-39,53,-54,-98,-4,13,-90,23,-4,-65,29,85,-76,-64,81,32,-97,51,12,-82,-31,81,-2,-83,-9,89,-37,-23,-66,-91,-15,-98,-74,94,30,-2,-70,13,19,-77,-42,33,-70,25,77,47,-70,-70,60,-63,-4,83,13,-78,-23,28,-86,-11,-16,-57,-84,51,-48,-63,-15,29,56,-25,73,-69,23,28,90,96,41,65,-22,-43,-68,-77,31,69,-84,23,-63,-18,20,-93,-17,-48,-73,14,-95,98,-64,-12,-45,14,7,51,-61,89,-48,-23,2,-56,84,-2,27,74,-39,-18,-65,79,-36,-76,-30,44,78,-76,37,88,0,32,55,-51,23,-9,68,26,15,66,66,-56,-42,56,28,33,-32,-23,-36,-12,-76,-12,42,12,40,69,54,82,-22,-7,46,-46], 270	270	
[6,-8,-50,-10,-3,4,-55,-96,69,75,-76,38,23,-38,49,-29,47,-19,-65,-56,10,96,-76,58,10,-40,76,78,22,-98,88,-58,-96,-98,38,29,81,80,13,32,36,75,16,-9,67,75,-32,-55,-42,88,72,95,-39,6,77,42,-43,23,-69,29,-71,22,-1,97,-96,-56,33,52,-90,57,-63,-11,-83,30,-99,86,-28,38,51,-72,50,-12,-43,88,88,-64,76,-21,41,42,42,-75,-1,32,-79,-31,30,-44,73,71,-7,77,-8,7,15,55,43,94,7,29,95,46,36,-63,53,-36,67,-10,-10,-90,-100,-16,-39,-52,1,64,8,87,99,53,82,45,-68,89,4,36,55,-11,28,6,45,91,-79,63,-59,-96], 67	67	
[4,-8,98,-51,73,12,-31,39,87,-16,20,69,18,59,54,44,-58,40,-36,22,-60,-8,-43,83,88,1,-25,71,-53,33,60,32,61,-5,28,38,-28,45,25,-68,-60,-87,5,-94,-19,-31,-35,-29,0,24,-62,-84,-7,-94,-89,12,97,-32,-89,92,-50,-54,-18,12,84,-81,-99,67,24,-4,-88,61,48,-17,-17,-44,65,-18,-47,68,0,-7,78,36,0,-15,23,-4,1,-74,-64,-53,-82,-10,34,-57,-93,65,-3,-73,-8,-59,96,35,51,49,92,-8,-4,-100,-64,5,-86,-26,71,60,-85,-42,-13,-10,17,-11,59,-14,-5,34,-36,24,9,78,48,24,-88,-46,-76,31,-47,-68,29,34,-97,-69,-41,-87,-42,96,0,-90,51,-55,57,86,-61,41,1,-90,-9,63,84,-32,80,-15,-12,0,72,-22,-6,-64,94,23,-80,-25,-37,-38,69,12,-64,-95,-65,5,15,-31,-68,-55,-100,-89,-24,-66,33,-14,-40,-50,-19,-79,-4], -76	-76	
[-17,-12,-28,77,-28,-63,-88,40,70,-97,-57,15,45,37,-85,-74,29,-80,92,-62,44,26,-46,54,74,11,16,-64,-58,56,23,-77,48,7,-44,92,-25,85,-16,-87,22,52,57,66,83,-90,84,-56,-54,-2,-98,-52,78,93,7,49,-10,-34,49,-14,87,-69,1,-67,53,-85,29,-4,-39,66,8,42,-48,-18,-41,94,-1,64,52,90,32,53,-10,0,-86,-94,-13,45,43,-23,61,-78,-44,-30,-3,32,94,30,74,51,63,-87,46,3,61,-39,9,50,-23,82,-100,-95,-31,-62,88,-98,22,93,-81,57,-56,96,78,-51,24,-59,-80,82,77,48,88,-81,-61,44,-1,-15,62,-89,21,-72,-4,-1,-84,61,-59,-91,-87,23,-9,-55,34,34,-13,68,-95,-80,-36,-49,97,80,-50,-35,-6,-16,91,59,74,53,-48,-55,-25,-74,81,-47,-98,-66,-62,-83,24,-16,-35,38], -132	-132	
[-49,-84,68,-30,30,-77,-15,-39,-98,-78,-96,13,10,14,-55,48,-13,-61,81,-77,9,85,-88,-86,-96,49,4,-34,83,67,85,-7,12,10,92,71,5,57,-11,-10,-72,65,-54,58,79,-6,-5,-93,14,44,56,-72,35,-87,4,-20,89,-85,15,-45,33,89,31,-89,15,-17,-12,31,-17,61,47,-29,98,-10,22,38,73,60,-39,82,-47,-58,-21,73,-72,25,-46,88,34,54,-19,-78,-84,-94,-18,-9,-7,-56,88,99,61,-10,-43,-83,62,-67,95,-4,-14,100,5,29,7,73,-46,20,60,81,95,-13,-32,69,56,-4,-2,68,79,-53,-14,81,-63,100,-97,-59,-9,12,84,0,19,76,8,63,-39,-38,-7,45,-51,-60,91,4,22,-74,-64,77,45,38,-95,-72,82,-52,-27,26,-74,-92,-70,97,13,-96,-77,-26,57,6,30,50,-19,68], 30	30	
[-71,-82,-14,-64,-23,-33,-77,93,27,36,-19,94,-65,65,-58,-68,-2,29,60,20,59,-49,91,31,98,-28,-12,-14,-49,55,-70,0,-3,-21,54,12,94,-81,-35,33,11,15,15,34,-40,36,-43,-48,-98,76,42,30,-14,85,56,-82,11,-23,92,56,-11,41,60,67,23,-75,96,0,-14,-25,-70,-70,70,-74,-16,-94,-20,-48,56,-70,-55,-10,47,92,-63,98,91,-45,26,88,47,35,-48,79,-96,-48,24,-32,-36,-100,-7,-63,-64,23,-59,98,92,-38,-48,-8,31,60,82,93,-15,82,-89,86,50,-74,20,-46,35,50,-67,-26,81,18,-43,-45,-69,-13,2,41,-75,94,-17,-38,-90,35,79,-19,79,54,-82,-47,-58,-74,-25,-45,-96,-26,45,-31,85,-57,26,89,-46,94,6,-78,-66,-91], -250	-250	
[-26,84,-85,2,99,42,-28,16,-97,-59,64,-67,-30,18,-15,-11,-60,-79,41,-29,49,-33,21,-8,-73,6,-31,31,-23,82,-34,12,86,38,-4,99,4,63,-13,-42,-4,89,88,-30,0,15,37,-95,-85,15,66,8,43,95,-76,75,-16,48,15,-82,56,83,91,81,-76,-29,7,-77,-42,39,-73,29,43,-60,21,-5,-3,1,32,34,-77,49,68,-1,-63,93,-20,-57,-65,53,23,96,79,87,-12,-18,51,39,-24,27,13,-55,-6,28,95,91,-71,77,49,-26,-17,-83,43,-86,28,20,64,-6,53,40,81,-30,-83,67,-3,25,37,54,95,14,84,-96,76,15,35,41,-86,33,10,-32,59,100,30,-9,58,-80,23,20,43,93,58,-26,37,44,-24,27,99,-46,-80,-85,-44,-45,-72,-32,33,-24,91,-67,75,-40,52,49,94,-10,82,-76,-92,58,18,-43,47,-75,-17,-30,-17,-57,37,51,-32,69,54,-71,-98,-74,-17,99,84,-67,80,-24,-100,98,19,99,-7,-98,-43,73,-97,-21,96,-44,59], -186	-186	
[2,39,66,69,-5,54,-51,47,-20,82,41,-96,38,-87,-18,21,59,70,100,37,-25,8,-38,-27,75,24,69,-43,92,-55,87,-96,-34,-2,70,3,29,2,-32,58,3,56,33,-11,61,0,-40,25,-27,-73,-67,-23,-53,-62,20,-25,33,-27,-45,57,3,86,-18,-84,-4,-74,-99,67,-54,-70,-14,29,-41,-80,28,24,59,75,-52,-21,-48,27,-24,-30,-88,51,60,-15,2,86,63,-28,-51,-97,-60,92,-79,-20,-44,12,83,100,9,-76,-7,-75,36,23,3,-55,-3,-37,-64,16,40,6,-24,-30,-53,-78,-32,63,-53,54,38,19,55,-90,80,-93,-68,-7,71,-92,-9,15,53,-76,-30,27,72,76,36,-77,-4,68,34,29,-45,-60,-55,29,53,-45,0,84,52,30,57,1,9,-99,77,14,14,-75,15,-9,8,-84,-94,47,59,-31,-83,9,68,-1,-68,64,55,18,42], -230	-230	
[-21,7,-38,-13,15,30,-70,-48,-89,-11,-88,-92,-44,35,100,-86,42,41,-44,-94,-82,6,10,-61,78,35,99,24,-20,-81,76,-73,-92,-30,0,-95,46,99,20,-89,99,95,-83,-5,43,55,85,-70,73,10,90,87,71,24,78,-54,-35,4,33,52,-28,28,-66,-88,-29,-44,35,-54,-83,63,-90,-68,-31,-7,48,7,-99,-21,-99,-35,39,-12,77,-79,76,85,24,89,90,-86,88,81,94,82,43,-52,63,-55,-96,64,7,-2,32,-18,-19,25,63,-24,-40,81,-22,-30,62,90,-50,-95,33,20,19,87,-9,77,-50,61,-73,-4,-40,12,51,25,-21,91,-48,-86,-82,-38,15,-96,48,-20,-30,82,24,5,-61,8,-49,69,41,97,24,-46,-49,-71,30,84,48,97,91,-80,-65,32,52,-76,87,-82,-40,15,-35,-51,-76,92,31,-61,-22,-5,94,-66,3,-4,46,32,-13,40,-66,-13], -155	-155	
[56,57,-47,-14,23,31,20,39,-51,7,-4,43,-53,32,24,56,-28,90,-75,-6,21,-100,41,-84,95,95,44,84,70,-22,-86,-6,90,-87,65,-28,-29,-94,98,-28,-100,23,-25,6,-56,-54,-5,53,-88,-25,-31,-71,-13,-62,73,-35,-78,16,99,97,84,-27,-43,-50,18,-16,-61,7,-17,16,-92,28,43,-38,-33,-27,84,-72,-100,-91,-97,-99,59,-63,73,99,98,-100,-37,-80,3,18,93,-81,12,-75,-43,99,10,10,-6,13,0,76,-82,-5,27,-38,-81,77,-55,-100,90,-32,-25,-15,-16,68,-6,87,65,-38,82,78,-61,87,-72,46,50,-60,86,39,69,85,-49,28], -289	-289	
[-10,-82,-70,92,39,-98,94,93,27,-74,1,-80,-95,-36,10,-12,43,92,-61,30,-26,100,-35,-54,-91,-58,-73,-66,86,8,1,49,-46,55,-89,39,45,66,96,42,80,-76,-69,53,-75,16,-13,53,-37,98,-59,72,41,-50,-23,-21,91,22,4,-80,1,-89,93,5,82,20,5,-77,95,16,-51,-21,0,-66,-84,-17,6,-65,12,94,-38,1,71,23,-71,50,8,28,80,-47,5,-13,69,-9,13,41,83,-61,-87,-51,89,-10,37,-73,-64,11,49], 215	215	
[89,-13,38,-39,-58,32,9,97,-31,13,99,-100,-7,32,13,-32,-12,59,43,-62,89,-8,15,41,31,-48,-50,-80,-82,-22,-60,29,32,88,17,-76,10,4,55,4,65,83,-100,5,6,75,-13,4,57,-53,8,80,-79,-76,61,-52,100,74,-96,79,-72,-68,-56,-29,98,-52,-77,90,-48,21,78,-1,-6,8,19,69,-39,-74,-42,-39,-86,10,55,-84,-97,-79,76,84,-87,-49,-44,28,-88,-9,71,34,-72,85,9,-96,-4,-79,-52,95,20,-76,94,80,-38,-76,-70,-98,-19,34,-82,67,36,-98,74,-93,1,-92,-4,42,-26,-16,27,3,-61,41,66,-60,85,-21,-15,52,14,78,-80,60,-36,-35,-56,-76,-8,-25,56,-7,-8,-31,8,40,-25,-40,2,-44,7], -71	-71	
[-43,57,-71,47,3,30,-85,6,60,-59,0,-46,-40,-73,53,68,-82,-54,88,73,20,-89,-22,39,55,-26,95,-87,-57,-86,28,-37,43,-27,-24,-88,-35,82,-3,39,-85,-46,37,45,-24,35,-49,-27,-96,89,87,-62,85,-44,64,78,14,59,-55,-10,0,98,50,-75,11,97,-72,85,-68,-76,44,-12,76,76,8,-75,-64,-57,29,-24,27,-3,-45,-87,48,10,-13,17,94,-85,11,-42,-98,89,97,-66,66,88,-89,90,-68,-62,-21,2,37,-15,-13,-24,-23,3,-58,-9,-71,0,37,-28,22,52,-34,24,-8,-20,29,-98,55,4,36,-3,-9,98,-26,17,82,23,56,54,53,51,-50,0,-15,-50,84,-90,90,72,-46,-96,-56,-76,-32,-8,-69,-32,-41,-56,69,-40,-25,-44,49,-62,36,-55,41,36,-60,90,37,13,87,66,-40,40,-35,-11,31,-45,-62,92,96,8,-4,-50,87,-17,-64,95,-89,68,-51,-40,-85,15,50,-15,0,-67,-55,45,11,-80,-45,-10,-8,90,-23,-41,80,19,29,7], 255	255	
[-12,-44,-67,-65,17,17,-80,73,51,46,-48,-43,-31,17,68,25,79,65,-41,18,-68,-7,29,-19,-48,3,-67,73,-57,-90,12,37,-16,-1,-65,47,53,-79,0,-62,-96,-10,-79,-25,38,93,28,6,99,68,-25,-27,-1,-61,70,-50,-54,-93,43,-34,31,98,-56,-70,44,49,-52,13,15,55,63,16,-30,-15,-25,87,75,81,19,17,88,-99,9,-92,-52,75,-16,97,-99,-86,60,-45,-88,99,75,36,-82,-67,-12,-47,37,-44,-45,67,85,-32,57,-11,-35,-51,-25,-38,54,-30,96,-62,-31,53,-79,-19,37,-73,95,-38,-60,72,-8,-24,-46,-61,63,-41,95,37,-79,-1,74,-9,92,97,-34,-69,-43,38,79,64,21,68,64], 189	189	
[-23,-67,32,21,-65,46,73,42,93,9,-61,-79,-51,61,-15,49,92,-34,50,1,26,-12,68,-97,-17,51,-55,75,-56,-95,-70,-42,91,-18,-64,20,33,-20,19,61,-89,81,-73,82,-23,-65,51,-88,15,-48,24,34,0,-24,37,22,28,-67,-25,-61,-57,-74,65,50,-66,24,99,80,44,85,20,-4,-9,-81,87,-82,-100,51,-83,9,-31,37,23,-61,53,-14,-51,88,56,27,42,-52,-97,37,36,-59,-45,95,46,-1,-100,-38,66,44,27,-97,12,-43,84,-53,93,18,-40,-38,34,85,53,-50,-14,-6,98,-77,-17,50,-65,52,-46,-94,49,72,-2,-82,45,-39,-58,67,82,63,95,-32,47,15,-20,46,5,17,-40,-95,97,-9,11,8,-51,-24,-50,-37,-72,-57,26,26,19,71,-42], -87	-87	
[-86,8,0,-79,-23,88,-26,-17,41,70,1,29,3,-52,-30,-31,14,42,4,-52,-77,-39,91,-13,98,41,-16,-8,91,54,50,1,-22,45,30,20,-36,-41,-48,-25,-3,76,69,-38,78,-45,-75,-57,55,-23,65,-23,69,60,85,-95,84,-73,-21,43,35,58,66,6,-49,38,-5,46,-24,23,-23,63,55,-91,80,-73,-53,24,-77,-5,-93,4,2,-71,23,2,-44,-19,33,73,9,-94,41,81,-14,43,27,3,-65,-89,0,-100,-89,-76,95,0,-60,65,-77,85,-29,98,-8,18,41,-93,-64,51,-77,-39,-75,-6,-65,0,-15,66,80,67,-96,26,-57,-43,-76,72,20,-55,-83,95,-65,22,-47,-90,-83,13,6,81,-23,-50,-17,17,100,99,66,-62,-21,76,37,60,-88,64,78,-90,67,-65,-62,55,-87,-75,-79,14,87,-100,-87,9,-98,0,-83,7,29,33,-87,-50,6,-57,28,17,26,4], 136	136	
[40,-53,36,89,-38,-51,80,11,-10,76,-30,46,-39,-15,4,72,83,-25,33,-69,-73,-100,-23,-37,-13,-62,-26,-54,36,-84,-65,-51,11,98,-21,49,51,78,-58,-40,95,-81,41,-17,-70,83,-88,-14,-75,-10,-44,-21,6,68,-81,-1,41,-61,-82,-24,45,19,6,-98,11,9,-66,50,-97,-2,58,17,51,-13,88,-16,-77,31,35,98,-2,0,-70,6,-34,-8,78,22,-1,-93,-39,-88,-77,-65,80,91,35,-15,7,-37,-96,65,3,33,-22,60,1,76,-32,22], 292	291	
[-3,-41,8,-45,-91,-46,-25,29,-21,56,-89,23,-2,-54,-66,-72,-68,43,73,-58,-10,25,-36,31,41,71,-23,61,57,38,-47,92,-88,-57,89,-90,-84,100,-34,9,-51,36,-7,-32,78,-87,79,5,78,92,-8,-30,61,79,27,-1,-34,84,0,-5,85,69,1,-95,69,78,33,-36,3,21,68,-40,26,-76,5,71,4,19,-80,17,33,-59,68,-93,-75,34,-3,77,-31,-89,100,93,-64,42,-59,-59,-19,90,78,-92,-63,-26], -21	-21	
[-63,-15,-88,58,4,67,-95,-39,11,-42,-100,56,53,43,-80,78,0,74,100,-79,-34,-84,3,47,-44,45,-45,26,-47,14,48,68,-52,-3,-5,88,-60,35,26,43,-37,46,88,-12,-74,-60,-85,37,0,20,-54,12,-10,76,28,-39,5,80,89,26,84,-85,79,37,-94,-51,-63,-61,-76,-76,-21,1,-31,-18,-38,-83,96,-23,87,-85,16,-26,-65,-18,-90,-44,-41,69,-59,-59,97,51,-6,-31,-33,72,-18,-27,51,22,-6,49,-44,-52,71,-65,17,92,-89,15,-71,36,17,4,42,-40,25,27,72,-37,-90,-42,-50,-97,21,26,-31,-47,-59,-82,77,-14,76,70,87,-22,-74,16,-29,-96,57,-9,-16,-2,6,-41,-72,-84,-29,28,25,-24,13,21,52,-59,71,29,23,-28,83,11,-57,0,-13,33,-11,35,-30,99,-39,-57,-58,63,84,76], 48	48	
[-14,19,-60,-66,-92,66,-19,80,-27,24,28,66,-60,-85,-80,-77,18,26,-10,75,81,49,-28,-68,-99,-58,67,0,-11,-85,22,52,23,16,36,-67,97,49,10,12,-74,34,60,-33,-86,-28,-11,46,-24,-34,-19,-8,-83,73,-6,-67,-20,88,0,-84,-71,25,58,82,-100,74,49,66,-72,90,89,-25,22,-21,-99,-41,83,16,70,-88,12,19,75,58,90,92,-35,53,-95,-12,45,-95,-51,67,-7,-55,47,47,-25,-35,-85,58,75,-9,86,-94,-40,24,-98,-11,-78,-91,-73,-46,-76,44,39,12,-80,-48,9,-27,28,-7,-8,97,-17,-76,57,87,-35,-25,66,-54,-59,42,77,-85,-87,97,-42,-79,-78,-83,8,-100,-32,51,62,-8,-73,-88,-52,20,-29,-31,41,-98,-96,-86,-14,81,76,10,-1,-57,68,-90,16,-56,-58,49,-28,-50,-58,-95,87,-52,-72,-66,-80,80,33,100,-11,-26,-8,0,54,27,18,51,62,-33,-30,-4,54,-24,87,-1,-11,-66,-36,90,-49,-1,-3,38,-20,30,-2], -209	-209	
[-84,-3,45,-85,-100,-75,60,-82,32,-11,18,-37,-38,58,-13,-56,24,-35,93,-74,22,24,78,-90,87,-93,42,-26,-15,85,98,-57,-65,-22,10,-50,76,-81,12,62,-37,35,-49,92,-45,-91,48,30,-72,70,14,80,60,76,97,36,58,-44,-65,-3,77,-52,-74,3,100,-59,-59,2,-65,-22,82,-60,-61,-13,-5,-35,43,-39,-34,-95,-82,-46,59,-91,93,-85,-36,80,-14,-22,-42,-35,77,0,-83,78,-15,-70,-38,-97,-38,-70,-58,36,8,24,-83,-34,66,2,-96,44,36,50,5,36,94,83,55,56,-43,-46,72,-17,-81], -50	-50	
[-61,-34,2,11,-9,9,2,2,82,-64,44,100,38,-71,19,56,-99,52,29,16,-83,85,-18,71,85,60,-22,-86,27,-50,-68,24,61,0,-4,60,-8,-37,-30,-58,41,-10,-9,-56,17,-82,78,-17,-82,-27,0,39,64,67,84,-76,-75,20,13,54,47,81,41,62,82,42,41,56,-90,66,13,30,-59,38,92,34,94,-96,-12,90,11,-42,-79,23,-87,74,-62,-54,-19,-24,50,14,73,43,32,11,-30,62,85,43,-40,-37,86,-89,48,81,-37,-73,71,93,-15,79,91,-20,-24,78,-78,32,71,-100,-65,-15,-74,-9,-71,-80,73,-63,64,36,78,18,95,-84,-2,-83,28,35,53,79,-12,-75,-48,46,-87,-66,62,-86,66,19,-85,0,-67,81,-46,8,-50,76,-86,-9,36,-2,91,-86,-55,90,73,-52,-92,91,-58,-28,-47,-73,-57,-71,90,-56,59,-2,-12,-53,82,57,-3,-77,12,1,-74,58,-89,-90], 136	136	
[-94,-92,31,60,-31,-5,0,-48,-30,96,-93,47,56,-45,-77,-56,-10,43,63,90,-100,65,-80,94,98,65,-56,-45,-87,78,47,99,47,-64,77,-70,81,76,80,36,23,-99,-79,-91,66,95,-1,-1,33,24,-51,-86,95,-58,-96,84,61,97,-58,-37,22,-68,24,-4,-67,-67,88,82,-79,56,-100,58,-54,-32,-74,-68,67,18,-71,-48,83,-21,-99,51,-8,-16,12,34,-60,-44,-35,-62,14,-59,-34,89,-53,53,-78,94,77,-61,-49,20,-27,8,76,-96,-16,-6,93,-33,-36,-62,-22,-67,-30,19,54,-20,-36,-8,-31,-67,24,31,0,28,16,17,-11,-69,-43,-53,93,44,-34,73,-89,45,-46,63,6,-49,47,93,82,33,-14,-20,25,-1,-48,-56,47,-49,43,4,-68,37,86,-6,-56,91,-24,-43,40,40,-51,-58,-64,-56,84,-22,-81,32,55,32,43,-13,-100,-15,66,61,85,-81,57,20,64,-57,-68,8,-60,65,97,3,33,-68,40,83,-79,38,32,-41,67,-72,-54,22,54,-49], 121	121	
[-65,-46,-10,-79,-86,39,40,62,31,-40,-80,-20,-6,8,38,-33,97,-99,-86,8,85,57,78,-92,10,5,84,-15,32,11,-15,-5,-56,86,47,-78,39,88,-86,24,-77,52,-55,16,22,-57,-39,-16,-32,-2,-94,-43,13,-49,77,96,35,-46,-47,10,-57,-73,95,-22,-22,5,-3,81,79,-15,-34,41,-91,26,-15,72,35,100,100,-89,-79,70,8,-99,-45,75,-57,15,34,-16,43,54,-99,39,-42,87,-88,-69,39,15,12,29,71,48,-51,20,-18,-37,95,-81,-71,22,56,-87,90,78,-57,-37,-17,-64,82,-28,-25,-83,75,21,97,35,67,12,55,-91,-63,4,-46,15,-19,-60,41,29,-71,26,25,-85,-15,-81,-53,48,31,28,88,-71,19,83,38,-42,-94,42,62,-43,90,-81,-60,56,-47,34,-60,73,-67,72,-99,-46,-47,10,46,-86,-42], 220	220	
[-66,7,26,76,-81,30,-59,67,79,-85,34,79,-11,61,-90,-37,-20,-37,-51,76,-66,-66,38,62,-56,15,-39,-9,-74,94,-32,50,-74,31,31,-22,44,-54,86,65,29,65,-40,85,10,8,8,27,-77,74,30,-4,16,-21,-74,-42,33,-3,-81,-53,-32,66,-52,-56,16,69,-57,-86,-31,74,-59,-40,-22,-98,63,92,-77,69,82,-23,-86,76,-31,48,34,-32,-2,84,47,-93,-97,-72,74,-34,97,-19,14,-56,22,-73,-57,-48,9,-84,44,33,94,45,-43,89,1,53,36,94,-45,13,-4,-61,-24,-2,-20,-7,-72,12,-98,-86,-42,47,-80,-1,74,92,-7,23,30,-99,-27,-29,-91,-12,8,-18,69,94,-73,-4,-42,22,82,-81,37,-27,84], 75	75	
[8,72,12,8,-82,16,27,85,-16,37,82,99,-75,77,92,59,10,-39,85,-66,35,-75,-42,-17,-26,-86,-68,-33,79,-71,93,35,-93,92,53,75,72,-16,41,-4,20,6,-5,63,-14,-86,97,-77,-27,-99,58,-35,55,43,-17,95,-3,-59,-5,25,-88,-59,-64,-39,-36,38,-42,56,-56,24,-12,78,-85,-90,-90,8,58,-27,-69,-79,-35,64,21,-6,51,-17,-15,78,97,89,-14,-96,-30,94,-21,69,21,-67,51,19,-36,65,97,85,43,78,-70,96,62,-64,-93,6,-63,22,-44,-16,-10,-99,-56,32,55,-89,-48,90,-4,-94,-17,43,71,61,-38,95,90,88,41,-10,95,-53,48,18,-28,82,43,-59,-21,28,-62,74,48,-63,46,17,-38,-14,46,71,-10,-52,8,33,29,-55,-16,-75,55,-85,-43,39,39,0,-52,24,90,-49,-87,94,-76,-5,-42,-21], -101	-101	
[-26,-34,79,40,72,54,33,-15,49,-56,72,3,-11,-16,32,1,-28,65,55,36,49,-93,52,10,-70,-99,-36,37,85,-54,8,-7,-57,9,-44,-3,-1,6,69,55,-49,-13,21,-66,-70,-54,7,81,-34,42,-1,-36,-40,23,-91,-81,-63,-92,-9,21,8,-90,-37,-47,93,-14,33,63,-24,-49,-96,-20,89,75,0,-43,-72,-58,35,-45,-25,54,75,99,-69,79,-42,21,43,27,93,86,2,4,13,-98,74,-63,33,79,74,99,89,11,82,-76,42,70,-70,-47,89,87,61,8,43,62,77,-99,46,97,-15,-34,-99,0,44,83,24,94,-86,79,-55,-11,-67,-96,-87,-73,-30,24,-76,-96,-3,-51,-14,79,11,-60,64,29,14,42,-84,-68,87], -71	-71	
[-3,17,98,-96,-90,19,20,-77,47,72,82,-21,72,15,-75,43,-92,-25,-4,97,47,-72,-99,-92,-54,-83,-68,65,3,1,-91,-88,-37,36,-32,67,-13,-11,-86,-90,-99,-8,-75,37,-18,88,49,-56,-87,-60,91,-29,64,-15,42,56,43,38,2,62,-13,-62,-91,81,-42,-95,65,36,64,79,21,12,-30,-49,-25,-85,-59,-100,97,60,52,-3,-10,-12,-90,80,-91,42,-41,18,100,-38,-82,75,84,-82,-54,85,-91,4,53,-58,-7,29,89,-48,83,46,-55,-7,20,6,74,-72,-54,11,-59,-16,67], 270	270	
[-28,-74,55,1,-10,28,78,-39,-73,-89,-81,-73,77,-14,86,80,43,-60,56,-5,33,30,34,-11,-38,87,27,66,31,-58,14,30,56,21,-84,-9,58,-94,-75,-64,71,64,-43,67,42,-90,95,81,43,-61,61,9,-43,-77,6,29,-23,40,-56,-39,65,-20,82,-8,35,-16,-39,46,-27,98,-96,-43,87,85,57,5,18,79,-59,90,-56,-88,-64,42,89,58,66,2,-84,60,76,-60,-91,26,-59,-76,21,75,29,42,21,1,0,72,22,-57,97,92,88,1,-32,-26,73,-38,-83,86,-46,-58,-23,-28,-94,-77,-34,-42,-51,34,87,-36,27,27,-53,80,-66,-77,100,68,56,-15,-11,77,67,11,-37,79,20,5,51,-37,-55,38,85,-46,15,96,-50,55,49,-3,46,-48,-20,5,4,19,-22,12,96,-79,-51,70,-79,-51,-23,-45,-1,68,-11,-91,-49,75,0,10,45,39,96,-63,-100,-33,33,24,2,-89,-31,62,56,-84,-90,-84,-48,62,-65,83,4,-19,-25,39,67], -192	-192	
[35,28,94,27,0,1,-89,-20,60,-51,35,67,-94,-78,-67,-60,52,40,-4,99,-26,-26,-77,61,-28,9,66,-40,-2,45,59,-37,59,-90,76,100,20,83,37,-65,20,-95,16,-77,-18,53,93,-88,-33,46,-30,-77,-36,79,34,-3,-84,72,-66,-84,-36,94,-26,11,-23,35,1,36,-70,76,-24,91,-9,-73,43,-92,93,39,99,44,73,7,90,-77,-92,-62,-63,90,-81,80,18,68,-89,95,-22,74,-50,-34,58,-64,61,-30,44,-28,48,13,-45,-75,19,86,40,68,74,-62,44,-12,-18,61,95,53,-63,6,46,-74,82,-39,-52,-45,-41,55,99,22,41,-45,-37,-9,-62,-41,28,5,-40,-99,-83,49,15,75,-36,97,79,-45,-4,-82,-2,6,3,-7,-21,68,81,94,-87,76,64,-32,80,-91,65,-84,-61,-64,68,-73,8,-25,23,51,53,-30,65,92,73,-96,20,70,0,10,-37,90,90,0], -9	-9	
[53,50,8,-27,-17,-81,-96,24,-26,52,61,49,90,-40,29,-88,67,-50,49,-61,-53,-87,67,-56,0,19,-7,0,-98,31,64,-41,90,72,-69,-71,41,68,34,33,30,-63,-19,-34,36,-10,-51,-29,-42,-44,0,30,-39,14,87,74,-65,20,32,34,-52,-33,27,8,-29,-79,0,-36,73,11,-30,42,-54,79,-49,86,-55,-70,13,17,63,-4,-72,-1,23,-36,-98,-48,73,70,-71,-22,73,73,1,-94,-53,94,-71,0,7,46,48,21,-52,-8,-79,-13,-54,-2], 198	198	
[96,80,-63,-52,-48,-35,35,39,-47,-30,-41,83,46,-60,78,53,-80,24,39,31,64,-4,60,20,5,-42,-75,-3,25,54,-17,-41,4,-39,-73,96,1,1,-75,0,-71,-26,-65,-32,-59,24,-58,-73,-62,71,47,37,98,-7,-58,52,82,40,75,-68,-23,76,-89,8,25,-51,-77,-18,58,-11,-100,-77,75,-60,-54,-48,18,90,37,23,-8,-66,-27,91,-9,-32,-98,-21,91,-53,-7,-19,91,-31,-72,22,-27,30,72,4,-55,-21,-11,-57,56,45,77,88,73,28,39,91,-38,-53,74,23,94,-47,20,-39,-79,-39,15,-90,-78,31,-67,83,76,48,-25,44,48,-56,60,44,11,-60,-41,-47,-66,-69,-66,-71,-52,23,-21], 103	103	
[84,49,-47,-56,13,-3,62,-95,23,38,-97,92,34,68,30,90,41,24,-58,83,96,-99,-40,28,-18,-69,-78,95,-62,45,-66,-71,5,94,-42,-66,27,60,-90,-62,87,-22,56,7,-11,75,53,-16,-7,-19,17,18,-14,43,98,-11,0,80,-82,40,5,37,-94,-14,-62,-82,84,23,-9,-68,37,-23,10,26,-22,-52,14,18,-40,-74,-32,47,-87,-81,-68,34,60,75,93,-28,100,-42,0,-87,60,75,-47,7,-57,-61,-2,-96,-18,-98,-3,25,38,-83,60,-12,-62,78,-41,75,-5,89,-97,-1,87,92,57,93,-83,-67,-76,28,-98,-12,22,-2,54,-67,7,99,100,50,5,84,49,-96,-61,-62,-61,29,-59,43,55,30,-10,-22,50,-32,-81,-42,32,55,-94,84,-90,-71,-10,61,56,94,51,8,54,22,22,31], 82	82	
[28,-63,90,-19,-18,65,21,43,-39,-63,79,-29,57,-10,61,-22,28,4,-93,-22,-89,26,75,-30,94,-87,95,17,41,95,88,-57,33,-100,-50,68,-75,-82,63,-96,3,26,-30,-48,-69,-5,-91,-72,55,81,59,-10,-43,-14,-35,-61,92,-1,97,59,-24,21,-59,4,-96,86,0,-53,19,81,-10,25,-95,89,42,21,-45,-48,67,84,-70,-83,30,79,-70,-70,67,13,87,-17,15,-62,13,30,-94,-9,83,66,94,28,-71,75,-24,-31,-56,-5,-19,-98,8,80,-73,99,-46,0,75,-1,58,82,97,-58,-93,90,63,45,46,6,79,-40,-68,-63,-34,20,7,5,80,56,-59,85,-98,60,-86,-27,-36,20,73,-79,14,30,67,-91,-65,-86,-23,11,31,96,-69,12,22,-75,-82,-34,18,-49,-32,65,-52,-53,86,28,68,-99,-80,74,8,63,-33,85,61,-70,74,56,-84,100,-38,-17,85,-75,58,-31,-62,-55,-24,-12,-74,-43,82,71,-73,32,65,49,30,-45,-37,-20,36,26,81,77,53,33,85], -114	-114	
[30,-5,-84,76,65,-77,50,9,-34,72,-79,57,-25,-49,-89,70,-7,30,-61,-31,36,-98,15,-76,-8,20,5,17,67,59,5,-6,-69,-36,8,87,-41,-29,23,4,51,84,67,86,-99,88,4,83,-97,-34,-52,49,-3,-47,82,23,-41,-89,73,-75,17,-41,22,27,-7,22,14,84,-48,9,48,62,4,64,-24,81,-66,29,10,72,51,-9,-98,-15,56,-41,-57,-26,86,71,-60,-17,38,-80,35,-98,78,17,-66,53,22,-58,63,-39,-39,24,26,-91,-53,-44,-53,40,81,39,21,-100,-52,-55,-7,-95,-69,11,-25,-91,-37,33,8,88,-97,0,17,27,-90,15,-8,10,95,38,-23,-65,-96], -207	-207	
[70,-65,-24,-80,76,-46,-30,-100,-53,0,-81,-64,-51,-72,-73,-84,100,-38,-63,-46,-31,-96,35,-33,37,-29,-20,94,48,-18,6,63,-83,61,-50,-50,66,75,-6,-21,41,-62,75,66,87,9,85,64,71,44,98,-68,73,-97,-49,89,34,-51,38,-64,-32,83,-44,-15,36,1,20,29,-10,-37,-9,-49,-8,50,-82,-36,-20,63,30,-11,3,33,-82,-82,-20,51,78,71,65,-99,0,-58,53,-17,31,15,-7,-91,43,14,-23,91,97,-87,-81,39,85,-34,50,87,-46,81,83,8,9,20,19,-100,-37,-42,-2,31,-44,-91,83,40,-44,48,-58,-17,-45,-31,-80,-46,-14,67,35,-70,29,-4,-69,73,30,-72,43,87,59,84,-81,-88,-84,-78,17,96,39,-92,-76,19,51,-26,11,-13,63,41,93,5,-48,-26,63,44,53,42,-66,-100,17,-42,4,-65,-17,77,66,-51], 143	143	
[-94,89,-83,-69,-21,-77,-12,-78,-72,-72,-16,-15,75,-77,95,98,-50,-14,42,76,-79,-33,-86,65,-9,97,-11,16,41,-73,-45,21,22,59,86,-93,85,-54,69,28,-20,35,34,16,-77,-9,-92,48,-33,9,-40,-14,-60,95,53,-38,45,4,-90,21,-8,-53,27,45,40,-44,89,3,-94,8,-53,-86,85,-44,44,6,-27,-18,93,14,50,-44,84,18,78,-89,-38,96,98,-62,-36,-25,-94,-17,39,-50,-57,-93,6,-83,-2,48,-78,95,14,48,-91,-12,83,-1,-95,-76,-10,91,10,33,76,85,90,-61,1,-53,-15,-41,-28,86,-59,39,62,84,-34,-17,-64,96,-13,-57,-99,72,-75,77,20,57,56,46,-91,-21,-46,-66,-6,-30,-51,100,-29,-95,83,-38,32,13,90,-37,-54,2,63,77,-63,54,25,-61,23,91,58,40,23,-9,78,92,-37,-98,29,0,-79,37,-73,-92,18,100,-77,-99,58,-12,-87,99,64,-21,-69,16,-41,18,50,7,-57,-10,11,67,-48,-36], 185	185	
[-12,-10,32,88,4,64,-57,-57,62,0,74,95,-23,10,-21,80,-74,36,-54,17,-97,-8,-86,43,95,-76,-18,-43,-43,31,-64,-96,-66,-42,-88,-44,-6,-2,16,-6,90,-45,52,48,-6,58,21,7,-18,73,-75,-90,-34,6,3,94,26,33,-92,73,-25,-67,16,-99,-90,-40,19,-78,-53,-36,28,82,33,66,-27,54,-34,-30,27,51,-32,-13,-52,37,-41,-95,68,56,23,57,25,-69,-65,43,-60,-41,-51,77,44,-6,-19,-87,-43,-54,97,82,-54,-13,82,43,-83,100,37,-34,-56,-65,-7,27,-25,-82,91,-76,46,-29,-78,69,-21,25,-10,71], 129	129	
[74,-66,-44,-72,70,-40,47,-8,39,9,-33,56,53,-95,-13,23,-48,42,-69,-22,81,17,91,35,4,-60,-53,-61,28,23,-51,94,2,56,82,-75,-73,-23,-50,24,-68,-59,-31,25,75,33,-62,-90,-96,-67,-55,5,-99,23,52,-36,64,73,13,88,12,79,-80,-70,-45,52,43,61,-52,23,64,-90,-19,90,25,87,29,-44,-66,-84,16,43,-25,34,-54,46,-82,-11,-29,99,-43,-25,83,-48,-15,24,-100,-58,-37,-67,-81,41,-14,28,19,30,44,-67,57,40,79,-70,-98,68,-51,-58,-79,59,17,-69,-12,-30,-20,-48,-44,-48,-84,66,78,-83,-100,26,-72,3,-4,-57,37,38,-16,-33,5,15,31,-37,47], 57	57	
[-30,29,-27,53,40,36,40,-76,58,64,85,2,56,11,-82,-65,14,-26,-44,-7,80,44,-68,-44,89,-96,93,-37,-75,21,5,-67,12,61,-3,-41,-77,35,-70,35,18,-29,-28,-24,-47,-58,-63,-37,49,99,-99,-68,56,-52,-13,16,-18,-41,78,-82,42,8,-30,-12,9,-98,82,-16,33,96,55,-43,22,52,81,-56,39,26,76,82,82,25,-10,-33,-76,-22,-39,36,-15,94,-87,-17,46,-95,-13,-38,87,-91,37,-6,-51,-9,-59,49,-99,-2,24,43,95,-23,-79,-1,-91,-28,81,6,-95,-19,26,-94,77,-76,-13,69,-22,-14,-18,32,73,-70,61,16,58,76,35,41,-64,-44,67,51,70,56,-46,-97,81,3,-7,30,-87,82,6,100,-4,-47,-89,-26,61,-79,1,-91,40,-57,-79,-79,58,-52,48,-34,-61,-56,77,73,96,-9,93,-11,-59,13,20,-34,-85,-8,-37,-17,-21,-12,-87,67,-2,10,-41,-95,22,-69,65,-53,54,48,35,54,3,-19,-17], -184	-184	
[13,34,8,91,0,-47,52,23,76,14,0,-9,22,49,-1,68,49,-83,-34,5,38,3,47,-2,-73,-29,19,-4,-3,-16,89,52,18,27,40,88,-84,-68,84,53,52,28,-86,-80,18,-93,11,77,11,-83,69,-29,-26,-83,32,65,-49,-88,-24,-56,95,-82,-25,-69,-27,20,-87,-49,78,89,100,26,45,-15,47,77,86,46,82,-80,-31,72,-82,-63,-50,35,-36,-30,-40,82,83,-61,-49,-11,88,73,-23,2,63,29,-82,95,-91,31,-35,-84,37,-86,-17,-84,-54,-89,32,13,-21,73,-73,53,-57,-60,62,-43,54,52,91,-7,23,-53,53,-82,-75,43,21,76,45,-2,-46,-39,-39,-3,24,6,-73,34,58,-67,35,45,-72,-67,-57,-22,-81,68,-84,-15,14,-87,14,-45,-68,4,-88,-25,-36,-74,-27,27,-23,26,-99,-47,97,32,53,82,-89,91,-1,-67,-74,-97,-36,7,-51,-100,-74,28,-12,-46,-37,87,80,-33,-58,51,5], -61	-61	
[71,54,-33,-10,-98,58,-93,95,76,67,85,-76,30,89,37,12,-30,11,35,-8,-34,56,-55,-13,68,14,26,1,96,32,19,-7,76,79,-72,-75,85,100,47,-1,92,-33,-38,5,-58,-32,-13,-59,90,-31,91,-34,-3,81,-78,-98,30,-18,-99,68,94,-65,-5,62,-28,22,32,60,-88,17,-90,-67,12,54,76,99,53,76,-53,86,64,-66,97,-63,-32,82,-61,-74,34,-49,81,-44,-43,-58,-91,-43,16,82,-100,29,90,19,-25,90,-86,-34,-18,-100,-65,-23,66,41,-40,-27,99,-37,32,-4,15,83,66,33,62,-11,55,13,-66,-69,-8,-77,17,-60,3,-6,92,-86,-73,-6,-84,59,17,92,-58,-20,21,-38,-44,-88,-61,-31,49,-75,69,54,-65], -81	-81	
[15,7,52,63,-43,-59,-54,-34,2,-63,27,20,-71,-40,62,-33,-19,85,12,-52,-13,29,48,-48,82,69,-27,-84,95,48,78,-66,54,-34,-29,-89,-63,-42,12,95,67,-70,85,58,-76,-68,-19,-16,-15,-5,-3,-18,9,-43,16,-49,-67,43,3,-97,39,-99,-29,97,-31,20,95,-67,-31,93,-13,97,25,-97,-73,-74,-22,-35,-52,-27,66,-50,18,31,26,-63,97,-85,65,-15,40,81,60,46,13,-28,87,-72,-95,19,58,92,-8,-75,22,43,45,-91,-5,50,-41,29,-88,-98,36,-34,66,-14,-67,79,12,-51,-78,95,9,67,-54,-44,-96,90,-92,-59,-15,-29,28,38,62,-30,63,-88,-1,89,-48,63,-74,-42,9,20,-39,39,22,40,-99,-55,-61,99,28,16,-19,-87,-31,-90,-61,-97,-24,-100,45,-63,76], 137	137	
[69,-54,81,41,-83,23,55,-3,-25,20,-35,-39,-95,51,-18,-4,51,-75,55,23,47,13,-75,98,18,94,49,-95,-46,-89,-99,16,-16,46,72,-41,-14,-86,-36,-54,-100,8,11,-25,14,88,-72,94,61,25,74,-51,-86,-42,86,42,-76,-67,-86,-77,-71,10,35,-29,-8,95,-86,35,15,-25,4,-18,-16,-33,-42,-100,6,-20,79,70,36,34,-76,25,78,-24,-16,-28,-94,-66,2,-14,-74,83,-16,4,83,-41,73,-82,-15,-64,-80,29,85,-8,-25,-29,-89,16,-30,58,-24,-2,-63,-79,21,-75,0], 10	10	
[14,55,33,92,35,7,-87,-11,-54,13,-18,-92,-32,94,100,32,15,-83,-6,-25,2,29,50,5,81,41,-42,93,58,-43,62,-2,-28,25,-91,-77,-15,-47,12,-1,-37,59,41,-86,-69,-88,36,7,7,65,-14,-57,80,-27,-56,51,71,-70,-26,42,-16,92,-51,-15,63,22,-54,39,48,91,-60,-28,17,-74,20,71,-10,88,93,86,-48,-65,-52,34,68,70,-100,91,63,59,-12,-51,24,50,6,71,9,-56,71,28,48,32,62,-96,18,39,-17,-19,-61,-91,-71,89,63,-75,67,-38,66,-60,-24,85,-43,5,47,-67,-60,7,-18,77,73,47,19,53,54,80,-34,-54,-20,-2,-50,7,-26,5,-43,-91,100,-87,56,71,-52,54,46,-29,33,66,-67,-58,-54,-2,78,-78,-98,-29,3,62,82,-73,90,-26,100], -235	-235	
[-95,17,-60,1,23,-16,-40,-57,-64,87,-16,-1,-39,-84,-27,-62,73,79,25,18,-58,-1,70,-3,-68,-45,69,35,37,72,-66,-85,45,-4,76,-84,-23,-97,42,59,-22,-27,-51,-65,-12,84,-36,-15,98,16,-75,-72,-18,-23,-34,2,87,13,-23,57,-47,-46,-75,-30,13,-45,-80,-51,-52,-90,57,75,-21,12,-98,-12,8,95,52,-22,-37,85,-16,-46,76,20,28,-74,-14,26,20,56,-63,79,-41,11,-100,-27,-64,84,75,-4,-30,-85,30,22,15,11,95,-92,22,-11,-31,-38,44,0,-24,-54,-14,-65,-81,27,-30,7,61,-58,34,-4,74,60,-63,69,63,-6,-26,54,90,-35,52,-77,-74,61,71,73,40,95,92,55,-51,-99,99,-49], -103	-103	
[84,-17,32,-89,55,79,27,-60,36,-51,39,-89,-77,97,38,-72,6,-49,-74,44,-24,95,-33,-13,-75,-25,8,-61,87,49,-71,12,76,-81,-65,79,-81,39,25,-49,48,45,-54,74,-95,64,-42,-7,-3,68,-46,-56,-17,5,-13,74,-95,84,56,-88,-79,82,-60,-5,43,-29,51,-81,47,42,-6,-54,100,48,61,71,19,-27,7,40,-37,72,20,88,-4,60,10,44,-17,30,-60,-18,19,-90,-9,-42,-65,-100,32,85,-82,80,23,0,49,-19,97,-54,14,7,5,-35,-29,-20,-53,30,14,-92,66,45,54,90,33,-99,18,-2,21,25,3,78,-16,-56,84,1,4,-30,76,-40,-28,88,44,2,-59,-82,73,50,-67,-53,-85,32,66,79,-47,-82,57,87,-91,98], -216	-216	
[55,59,72,-96,47,87,-81,-46,-61,-35,-87,88,-26,-17,25,16,1,-23,-3,27,0,-17,94,1,94,-55,-5,-66,52,-5,-45,89,29,-85,-63,49,58,76,-29,-72,12,34,36,-14,48,30,7,-71,97,0,67,88,-15,-42,-73,-32,-7,-68,-32,97,68,-5,-77,43,64,-64,-59,-21,13,84,-9,-2,-13,25,17,58,46,-92,-71,-28,10,-98,76,-8,14,40,39,6,78,-30,19,-12,83,-54,71,20,41,-82,69,-5,-13,-73,-54,-37,-76,93,-87,-26,42,88,-28,26,93,-52,30,-77,-34,-62,-94,52,-98,-30,82,18,-1,-69,46,31,-34,32,-72,-74,-23,-26,-66,85,21,12], -164	-164	
[4,-94,-14,98,-54,-16,18,-24,47,-84,-57,81,-48,-64,-64,-42,-94,34,-55,-25,-78,25,-32,53,-6,75,-30,-81,-15,-61,36,12,70,36,-44,-100,-69,-50,-6,-45,5,75,-74,-80,-32,0,42,30,25,-36,-94,90,-92,28,8,43,59,15,-38,-55,-34,71,34,-87,100,-61,90,-88,56,-11,56,10,37,-80,-53,11,-56,-28,15,-82,36,-6,-25,-40,-43,78,72,-79,46,-50,59,-18,-76,37,61,-38,94,89,4,-32,46,11,30,92,-15,-7,-70,21,-72,36,8,95,-84,-54,-44,-68,-62,-39,-2,-100,-73,-23,-100,87,34,-69,-28,-78,-79,100,83,45,12,34,-15,-64,41,96,64,77,37,-74,40,9,48,75,42,74,-36,-1,41,71,-85,88,81,13,7,48,-3,-100,-99,13,-92,-94,95,-45,92,84,-14,25,34,11,-57,55,-16,77,-26,88,77,-12,41,-72,5,-75,-93,-14,70,-33,18,-52,-41,14,-18,18,48,98,19,-54,91,-11,95,-41,-84,57,95,1], 69	69	
[88,54,99,11,-2,73,2,-4,62,58,80,48,25,49,93,-63,-48,-94,66,-65,-83,95,-5,-2,-62,58,-92,55,-62,-44,-68,-100,-56,61,-96,89,-97,-63,49,-34,25,-84,30,99,9,11,82,93,35,91,78,-8,-29,-41,-35,-20,33,-76,-42,-55,-49,95,43,-100,38,-75,-2,90,-86,-75,-72,47,98,-68,30,-23,20,76,-36,74,98,91,63,97,43,1,-98,52,-38,68,74,-12,41,23,96,17,-10,92,-20,54,-92,77,36,-50,14,-7,41,83,40,24,69,61,15,-51,5,-98,-92,-18,-69,68,-18,-38,62,6,58,-3,72,4,-48,55,-25,83,-26,10,-34,-44,-54,43,34,83,80,51,15,71,76,83,78,84,-98,-31,-38,16,-90,-39,75,-82,-7,37,-20,18,0,63,-98,-14,-73,-59,52,-35,-100,31,-96,-94,78,-25,-5,-61,10,49,-69,-35,40,-17,-34,-100,-93,-7,9,90,-98,17,-58,40,-34,74,85,9,-34,-84,11,-68,80,23,-7,7,-94,40,-35,-51,2,3,-66,-78,-38,-34,-77,85], -182	-182	
[-16,-84,47,94,10,82,8,49,38,-5,31,-39,9,-30,49,-41,-57,18,66,-34,85,87,-54,-54,96,63,-59,-73,-7,-65,73,-87,62,-32,-49,69,13,-92,-57,92,38,45,21,-97,52,-51,99,-88,75,-20,-52,89,-10,-99,-92,52,9,92,46,58,-81,56,79,72,95,42,46,-44,-76,23,-98,63,-4,-2,-41,81,1,67,11,99,-96,85,36,31,36,45,-95,72,62,82,-33,-24,-31,-80,-96,14,-84,-100,94,-97,-16,-96,83,42,-40,46,17,-73,95,-23,96,-47,69,-30,-8,25,35,-1,-87,-27,-99,-66,-42,63,-91,-93,55,98,52,53,-21], 170	170	
[85,17,99,58,76,-80,68,-38,-74,-75,-88,-31,17,-2,-40,-57,29,-84,-16,-31,-80,-39,58,-33,67,11,38,2,-31,-48,-29,28,-11,-52,86,-86,59,45,68,15,-17,56,34,8,29,69,-93,84,-76,-98,85,59,40,-93,-47,-9,100,51,55,31,-47,-9,-63,-9,-94,32,21,88,60,36,-54,2,42,86,-44,-81,-82,-29,-48,49,77,-19,3,26,-53,35,39,92,-56,77,-59,56,-13,18,-56,-70,81,31,-28,-13,-51,19,86,36,20,7,-2,-52,-14,-10,-70,3,-34,100,90,75,-27,-62,-37,-19,42,68,-56,-94,22,-6,49,-74,76,-11,-18,-71,-46,23,62,-72,35,82,92,27,-10,-38,-9,7,-18,-83,-37,48,-18,98,-80,16,6,-72,-4,45,-99,39,27,-24,31,-48,26,16,32,-56,-14,94,-36,86,30,-21,45,-68,-74,50,-65,39,-25,67,1,-36,61,-2,60,71,-16], 67	67	
[84,58,16,-6,-34,72,96,56,-31,45,-6,53,-79,-43,-92,-88,3,16,-6,33,84,-62,0,-29,-88,58,-14,21,51,61,1,17,26,57,-55,39,95,50,-16,25,85,65,-25,23,-82,-85,-99,-20,34,89,67,93,60,-21,-87,47,62,-1,63,-96,75,94,81,-29,56,69,-78,49,36,-80,49,-26,3,-29,52,-77,38,31,-49,-100,-44,-60,62,-24,45,-88,63,-36,7,-99,22,18,77,11,9,-63,44,6,-30,71,-68,0,37,29,-68,71,-35,83,4,-3,-3,-100,-88,-19,3,92,-47,33,-61,-96,-23,51,87,2,26,72,38,-42,77,-43,17,83,-59,82,45,-81,-41,-58,30,-85,-67,51,-27,63,-54,83,-6,68,81,-17,24,-59,96,59,-78,48,-100,-81,25,-28,-82,15,-76,86,65,-48,-67,-20,90,-89,-89,9,1,46,-67,71,-51,69,-2,14,89,-89,-1,85,-20,-57,75,28,22,-35,81], -48	-48	
[38,60,-3,-12,48,100,18,-76,-12,-99,45,67,42,66,-25,-38,-52,-53,57,53,100,-60,75,-75,-52,-98,80,49,87,35,9,6,-37,48,23,-30,86,-6,57,80,86,39,-74,-18,0,37,-93,-36,1,89,-51,-80,-40,-63,-32,4,-52,48,29,-52,-86,4,-32,-73,91,91,11,44,22,47,48,38,61,-92,-86,86,98,15,-97,96,-82,94,-22,77,-44,-66,-40,-58,-89,23,-24,-11,-64,-17,12,12,-30,19,43,64,-85,-44,-65,-58,83,-94,55,95,63,11,56,-35,-62,-38,15,-91,-97,-57,69,-82,-61,58,-12,32,-96,-16,-33,37,-72,-66,43,19,23,-33,-22,-44,-22,97,87,-75,38,100,9,99,10,0,-86,-25,95,-1,39,32,45,-61,24,80,-59,66,-81,-82,27,-77,34,-88,25,12,66,57,39,-75,86,92,-65,-12,-87,2,-7,-58,-46,-3,-67,1,-92,-77,-42,60,72,71,74,-82,75,-39,28,91,-76,-10,-41,-41,36,63,-35,71,-6,-8,-57,6,-5,80,76,-73,96,-59,61,-69,84,-40,-87], -20	-20	
[100,-41,12,-61,-85,-66,-100,16,-42,-76,87,-58,-79,3,-100,40,69,87,51,-72,73,-22,-87,87,-56,2,1,-60,-70,-68,-93,0,54,42,-100,-6,85,77,32,-66,-92,64,-61,-72,-18,66,-47,72,18,-38,60,21,-39,-82,27,-93,-47,-44,45,-4,-54,-40,-34,0,57,1,-15,94,87,-59,-54,99,-73,-76,57,-46,49,-44,-63,-1,14,-70,-92,51,71,58,-26,-92,64,48,-46,30,46,-43,50,95,13,60,94,-83,52,-54,29,-8,45,-46,16,51,-82,-70,71,-62,95,-89,-99,51,-10,61,-17,-100,-92,-86,54,-69,63,-33,-69,-84,-15,-17,42,-30], 81	81	
[23,-57,-16,2,-22,58,-68,-90,98,18,-66,11,98,41,18,74,-90,58,100,62,32,44,48,34,-16,-5,-74,60,28,54,-65,-53,24,92,4,-10,-39,-68,88,-65,86,-18,-87,-64,-44,94,-77,95,91,-91,-39,63,-55,31,-99,78,-66,9,39,67,56,58,-73,67,-39,23,91,-89,83,-86,-81,64,25,99,-12,14,91,-34,91,-93,-90,-40,-34,-24,-80,63,40,39,-33,-62,-1,46,-14,-22,12,-67,-29,-15,67,46,-49,-72,-69,-20,48,12,-24,75,4,8,-43,-86,-13,-2,-5,-92,-23,-9,75,59,-44,-4,-30,-72,-7,84,88,-56,-1,-47,-72,28,68,-19,33,98,50,-10,-13,-12,-60,70,31,-14,-15,6,65,-15], -56	-56	
[36,38,95,-89,-86,-19,63,-8,12,90,15,-84,48,50,88,88,-29,-2,99,-97,60,88,30,64,-28,-87,2,78,87,97,77,63,77,62,89,57,39,-36,39,-43,86,76,32,-71,-46,58,18,-27,52,-68,-79,-54,0,18,-88,72,-57,95,-66,73,-99,33,-16,43,81,40,0,-8,-15,6,87,-43,92,-64,68,1,-32,15,-60,-49,35,31,49,-70,65,0,-87,27,12,2,-94,79,4,41,19,-37,-79,-22,7,-25,-67,-56,34,-64,-7,-58,2,26,98,2,23,2,7,62,49,-18,44,-1,91,56,64,-98,-84,38,23,63,-80,14,56,-100,-62,19,24,-16,18,-78,-52,47,99,82,-91,-34,76,89,-56,-35,-72,-90,41,43,-43,6,-95,-63,-70,-81,-55,-63,-28,-61,-72,68,-50,72,-28,83,67,99,41,54,73,-4,14,-91,51,93,46,32,-49,87,-84,-13,57,12,74,42,33,39,-79,-56,-46,-53,-74,-88,55,-65,-75,-89,-56,97,100,7,84,79,8,24,48,-46,-95,76,73,-87,85,45,-8,-69], 171	171	
[-95,85,30,13,-100,29,51,-63,67,52,-19,92,69,-61,44,15,24,-94,-50,3,-64,2,-60,80,-100,72,58,-78,28,1,6,-42,82,83,-43,47,-84,-87,80,1,-29,-65,2,12,46,34,-97,15,-79,43,-16,-60,5,-76,-78,-97,16,94,35,82,-86,66,-25,60,-10,-91,24,-93,96,-47,10,-11,71,45,-43,-53,75,-43,65,2,71,68,-8,-91,60,8,-47,29,-91,55,67,28,92,-41,-6,-64,2,38,57,47,99,52,-7,95], 96	96	
[-88,-92,-82,-36,-1,67,13,83,87,-37,42,88,32,-14,56,-60,87,39,13,-37,86,-24,34,56,-16,-56,-49,-45,78,-77,22,-44,-21,42,-56,-81,-15,73,-78,3,-19,85,69,15,-21,46,62,84,-71,-49,36,0,100,34,34,3,-62,-54,-50,-9,-28,-12,-78,-4,-87,-7,-48,-40,46,-91,-77,32,-80,-1,55,32,32,-38,-5,56,-61,-81,-2,-22,-27,61,-4,75,79,80,-53,-49,-22,93,62,52,-44,98,-85,62,-64,-48,-82,51,-65,-25,75,-1,-94,-56,9,43,-5,-100,-92,-68,16,22,4,90,36,86,-55,-73,-48,-69,36,-76,-18,-99,-69,-65,14,48,59,19,-18,72,93,53,6,-63,-99,16,46,-93,-13,-66,42,-78,-84,-63,-68,-6,-11,-32,-12,26,66,94,-90,-59,75,-62,-72,-85,68,-23,-80,28,-55,-41,-88,10,-42,-31,22,100,47,-47,32,40,-77,68,58,13,-56,-12,-54,-63,-59,-93,15,11,51,13,21,15,82,-19,11,-51,-20,-77,18,-36,65,58,53,-75,-59,53,74,-43,16], 166	166	
[79,-82,-37,-93,57,-6,-94,38,94,88,-60,-22,77,-44,-38,0,99,-57,-69,-78,85,78,-3,-5,89,-11,93,42,-9,-74,90,96,54,-91,34,-14,52,96,5,18,93,76,-95,-86,36,-83,65,-80,-63,74,4,-82,12,-78,11,-78,-57,-21,37,87,-32,-64,79,-14,46,-72,75,-6,-63,-71,11,-10,68,85,-3,-9,-72,31,-83,-24,32,45,-82,26,-67,85,10,-78,-92,-14,65,-63,-63,-53,38,-6,-5,42,-35,97,-30,-12,-7,-51,85,26,21,52,48,-62,48,21,86,5,64,56,49,-67,-91,-21,16,25,-1,54,48,0,49,81,16,89,53,40,-44,-58,-91,77,58,77,-10,-74,-11,86,27,27,-84,-23,92,38,35,-3,-6,-99,47,55,71,-82,-34,8,32,-4,17,-52], -141	-141	
[91,-46,-25,-82,4,77,94,76,5,-83,-40,-36,68,-74,51,52,-83,91,-56,-95,61,-54,8,61,38,-45,95,-32,77,-70,-36,2,86,-58,64,33,56,10,16,-77,-81,-31,-36,-2,-35,-39,-60,-22,-33,85,-66,-87,72,86,67,75,-83,-89,34,-30,30,-7,43,-34,-42,72,2,96,-54,-28,41,0,74,-75,-13,-9,-6,-65,-79,91,-84,-95,-86,60,2,92,-56,-100,14,-69,-11,2,94,99,-99,25,-16,33,-41,39,46,-18,56,63,-25,-29,9,-87,-64,-7,-40,-9,17,57,35,100,93,82,1,84,76,96,-9,-53,32,1,-58,-61,-54,-31,12,69,14,19,62,-75,82,-88,17,31,-33,88,-43,65,-31,-52,-93,-14,37,-88,70,68,31,8,95,-64,-4,50,31,10,77,-71,-14,41,-52,83], 53	53	
[-88,80,-32,32,-89,42,80,-79,-99,78,-87,-40,13,54,-25,5,-75,-47,35,-65,60,-93,-29,46,9,-94,52,67,-68,-32,-23,4,88,3,63,-80,41,-28,8,-97,97,79,55,81,64,48,-83,-84,-36,-25,-21,53,42,31,-88,100,-83,-99,56,-27,24,39,94,8,-76,60,-38,92,-60,-97,83,-63,-7,70,73,15,3,-69,-43,-58,78,-48,63,62,95,-35,88,9,-25,-23,-74,-27,60,-6,40,-54,14,99,73,-65,-18,-78,-29,-66,-64,86,94,46,75,-89,49,-64,-76,5,56,14,1,-45,-10,17,-31,-43,-82,-10,7,-3,73,85,96,-29,92,-57,-1,56,44,52,8,67,-50,-11,-8,-13,48,62,-20,-27,100,-71,52,-79,-66,37,-57,-29,-13,65,-88,34,-8,-44,-52,-41,88,-52,71,0,93,42,7,23,-43,7,-98,-31,3,1,79,-74,-86,-71,89,58,-76,63,36,-70], 55	55	
[3,-74,21,43,-94,-83,2,-97,-28,83,76,-4,17,95,62,5,-55,73,94,18,-32,79,-40,-60,-42,-10,23,43,71,3,40,64,-53,36,-18,-66,-20,-52,18,-96,-86,-45,19,16,-91,-90,-61,-92,-22,-26,-48,-24,-68,-95,19,-13,-61,-46,-45,3,14,98,-44,-54,49,40,-37,97,-72,-58,13,-27,28,21,1,40,-49,56,25,25,56,36,-27,31,56,21,-59,-44,89,-25,88,-72,0,-95,70,65,-84,52,66,-76,-71,91,-12,82,-98,56,-3,87,-54,-62,0,-15,94,95,49,46,-34,-14,70,12,34,-18,95,74,-86,-71,-61,35,-19,-45,-33,20,61,45,-97,64,23,34,20,-31,8,23,21,-22,-20,41,92,52,63,-14,-52,22,94,-59,-97,-51,59,-7,98,52,63,-3,-21,38,85,75,31,79,-20,-70,27,54,60,-98,23,-7,-9,73,100,-80,63,87,17,-50,69,53,5,14,0,55,-94,41,5,99,-91,-55,65,-46,-39,-52,-82,35,-77,-85,-94,32,33,22], 256	256	
[9,-64,-96,-41,-77,95,84,85,-42,88,-60,84,-92,-67,-76,6,51,13,7,-55,-56,-100,81,-76,17,40,-88,21,80,-76,8,-39,-17,4,72,-75,75,67,-92,10,-4,51,-73,-36,26,6,25,93,64,-68,-89,29,49,51,3,14,-11,31,3,-69,-11,30,87,80,-52,-51,88,-35,-8,-9,-48,86,21,76,-51,87,-19,65,71,21,-23,-28,19,-14,16,-5,80,-55,-75,58,-76,19,-26,-100,95,86,59,96,10,72,65,-22,0,-79,74,32,13,-77,36,-69,62,-14,68,-65,-51,36,46,27,0,88,40,90,37,-25,74,36,-81,23,-93,92,57,25,51,-81,-56,93,-20,15,-14,-63,0,90,81,96,-33,-49,-81,-24,-59,-49,-5,10,23,-14,32,57,-7,-80,58,-94,-27,46,-49,39,74,21,-96,-36,-91,-54,-94,-88,-90,55,-7,4,23,8,-19,79,-67,37,31,46,90,-76,-77,-83,62,-12,-19,-36,0,-14,23,45,25,-18,21,-43,-97,-59,-14,-71,-11,78,33,-73,-23,85,11,2,78,-59,-50,41,20], -271	-271	
[-22,85,-21,-4,-19,91,-54,-50,-4,-27,11,-41,99,32,-4,-70,-42,64,1,30,37,59,-89,6,61,-50,57,-85,-10,18,15,6,75,87,-70,-63,-69,-29,29,84,-35,-27,-91,-47,61,13,20,100,-21,3,-35,63,87,-95,-94,-71,10,21,76,100,-100,-44,-98,-47,63,-41,-82,68,-28,49,5,-50,-83,15,5,-93,94,91,-81,8,-19,6,-19,-34,-69,-69,34,-23,56,-74,19,-31,2,-3,-91,-58,-61,42,-72,-94,-91,-81,-13,-74,8,96,79,-73,14,97,-88,-47,86,61,-31,-63,-83,-12,80,30,65,-14,18,57,-29,-2,41,97,4,-15,79,22,-54,-90,-52,-20,78,-93,-54,94,1,-31,11,0,17,16,-60,90,-39,46,30,-40,-67,-2,-80,-35,58,90,93,50,-5,-38,70,-11,38,-99,-90,-76,69,76,6,96,9,65,-42,-78,-12,-45,41,-90,45,-46,92,-91,-99,74,-43,-34,55,54,45,-76,45], 234	234	
[60,54,43,4,78,28,-4,53,99,-95,25,74,-32,34,-34,94,16,74,34,-56,75,-21,15,18,-45,-43,-35,-25,46,18,-12,5,-25,-20,56,37,92,-75,98,-87,-37,-79,78,71,-96,-69,-68,-35,86,18,97,37,80,-61,36,19,-8,-77,34,-76,-70,-70,85,-62,25,44,2,75,25,59,-14,-67,8,-75,-91,4,-60,-29,-44,48,37,22,-5,-21,-65,-59,-91,-34,1,7,-91,-17,51,61,-3,-96,33,46,-81,-35,-79,-56,52,-35,30,11,20,-37,-7,-99,39,-83,78,-42,-27,-35,3,-8,13,-75,-17,30,46,75,30,96,-32,73,73,100,-25,5,92,50,89,-13,-8,43,-42,-40,-22,-74,-80,-97], 11	11	
[86,57,88,29,-24,-37,-94,38,-55,-54,9,0,-35,-93,74,39,50,-4,98,95,86,16,45,-94,42,26,-68,14,5,-56,-26,-70,-22,13,40,6,-73,-72,-44,-49,-44,-70,-67,-14,-22,-16,-31,92,93,73,45,58,-68,0,60,-64,91,-15,-84,-62,65,20,97,15,83,-88,32,-78,41,-78,94,-37,41,75,-13,62,81,40,26,-32,8,69,31,73,90,71,-58,0,-92,-55,43,-49,-66,-34,9,33,-52,-90,47,-87,-80,-52,-98,69,-59,60,6,59,-29,-97,24,88,-97,-57,-39,11,33,55,-82,85,-12,-9,-85,-90,-26,-84,47,-25,-48,18,92,4,60,20,-48,48,-82,11,91,46,86,100,67,8,5,-33,90], 132	132	
[-39,43,71,92,47,-51,-35,-33,-32,98,-40,28,-10,-22,10,-9,-60,-25,-55,-90,-73,-49,40,38,-13,95,-12,-53,-45,-37,79,-71,31,34,11,-54,97,57,-50,-40,-63,48,-22,65,-8,89,80,91,-54,63,46,81,-85,-10,-65,29,-51,70,-77,-74,-1,37,-54,58,-50,-4,-3,71,-54,55,-32,13,-95,-89,-83,-22,24,-30,86,-84,-76,-98,4,33,-50,-9,-5,-97,37,2,-47,-35,16,47,20,2,84,-6,-69,-79,61,32,43,64,-46], 187	187	
[0,5,10,-18,75,57,53,9,-89,19,-92,86,-14,-99,-63,-69,-21,62,-12,-3,93,-28,71,3,-64,34,39,-75,17,100,-64,-9,-75,-82,85,40,11,89,-39,-73,-81,91,-59,-39,-37,-89,-38,85,-68,-66,83,-62,6,-41,74,-81,-54,6,-35,21,-49,-72,39,-66,54,-25,69,97,-69,-87,-84,63,71,16,80,77,12,82,-36,24,10,-92,2,20,58,14,-40,79,79,-82,98,53,-4,-60,80,-96,0,0,74,40,-95,73,-64,78,-78,-66,-16,-84,-51,-27,60,-86], -121	-121	
[-16,-69,-34,-86,-19,-11,46,93,19,70,95,-66,5,-77,63,61,69,93,85,3,-13,-30,17,-12,-33,-42,-94,85,28,-98,57,70,19,-61,-73,-74,-45,-10,-60,-31,71,52,46,29,-65,-66,-50,46,-97,-40,-37,-20,84,77,-86,68,46,86,-23,32,74,7,32,60,27,97,79,79,-45,38,-95,-52,-93,-98,86,1,-94,49,62,-53,74,19,64,-15,85,39,25,85,-62,31,-78,72,7,-63,62,91,-98,-89,39,-37,89,34,100,64,66], 45	45	
[-12,-67,-44,27,59,-91,-51,39,21,9,-28,-63,-53,-78,-30,75,-69,-74,-9,-5,30,34,-46,68,33,30,32,73,-14,-32,4,-52,13,19,-93,-23,53,69,-29,32,79,-56,87,-28,-12,11,32,56,88,34,32,68,-14,49,-5,-72,8,-27,90,28,-47,-84,0,-90,-47,-33,81,29,70,-3,-25,91,36,-61,4,-93,60,-96,-48,14,-42,-40,-81,16,-81,-57,27,-72,-31,88,-54,-19,-22,-7,67,-31,-35,97,-74,32,98,25,3,54,97,2,54,97,-3,79,-92,44,-80,-8,-85,73,-97,-39,28,66,68,-6,57,-30,-73,-96,16,-57,-11,-15,72,-43,19,100,42,3,0,-63,-45,83,-100,-14,15,79,-69,88,14,-41,45,12,38,-95,24,61,83,19,-53,65,71,-60,-2,-46,77,16,-25,41,43,68,-59,-2,4,91,21,-92,30,-98,31,15,28,96,94,-84,3,-70,-46,-71,-59,-75,-14,39,-84,-42,-12,-89,-89,60,18,50,61,-85,-57,-57,-14,97,-64,38,-3,95,70,-22,-66,5,92,-6,41,24,78], -19	-19	
[43,75,-90,47,-49,72,17,-31,-68,-22,-21,-30,65,88,-75,23,97,-61,53,87,-3,33,20,51,-79,43,80,-9,34,-89,-7,93,43,55,-94,29,-32,-49,25,72,-6,35,53,63,6,-62,-96,-83,-73,66,-11,96,-90,-27,78,-51,79,35,-63,85,-82,-15,100,-82,1,-4,-41,-21,11,12,12,72,-82,-22,37,47,-18,61,60,55,22,-6,26,-60,-42,-92,68,45,-1,-26,5,-56,-1,73,92,-55,-20,-43,-56,-15,7,52,35,-90,63,41,-55,-58,46,-84,-92,17,-66,-23,96,-19,-44,77,67,-47,-48,99,51,-25,19,0,-13,-88,-10,-67,14,7,89,-69,-83,86,-70,-66,-38,-50,66,0,-67,-91,-65,83,42,70,-6,52,-21,-86,-87,-44,8,49,-76,86,-3,87,-32,81,-58,37,-55,19,-26,66,-89,-70,-69,37,0,19,-65,38,7,3,1,-96,96,-65,-52,66,5,-3,-87,-16,-96,57,-74,91,46,-79,0,-69,55,49,-96,80,83,73,56,22,58,-44,-40,-45,95,99,-97,-22,-33,-92,-51,62,20,70,90], 284	284