[]	{}	
[{}]	{}	
[{1}]	{1}	
[{0,2,5}]	{0,2,5}	
[{},{}]	{}	
[{},{1}]	{1}	
[{1},{0}]	{0,1}	
[{0},{1}]	{0,1}	
[{1,2,2},{1,1,2}]	{1,1,1,2,2,2}	
[{1,2,3},{4,5,6,7}]	{1,2,3,4,5,6,7}	
[{1,4,5},{0,2}]	{0,1,2,4,5}	
[{2},{},{-1}]	{-1,2}	
[{},{-1,5,11},{},{6,10}]	{-1,5,6,10,11}	
[{},{-2},{-3,-2,1}]	{-3,-2,-2,1}	
[{-1,1},{-3,1,4},{-2,-1,0,2}]	{-3,-2,-1,-1,0,1,1,2,4}	
[{0,0,0},{1,3,4,6}]	{0,0,0,1,3,4,6}	
[{-2,1,4,5},{-2,5,6},{-2,0}]	{-2,-2,-2,0,1,4,5,5,6}	
[{},{-1,5},{1,4,6},{4,5,6}]	{-1,1,4,4,5,5,6,6}	
[{},{-2}]	{-2}	
[{-2,-1,-1,-1},{}]	{-2,-1,-1,-1}	
[{-2,-1}]	{-2,-1}	
[{},{-2}]	{-2}	
[{-3,-3},{-3,-2}]	{-3,-3,-3,-2}	
[{-1,-1,-1},{-2,-2,-1}]	{-2,-2,-1,-1,-1,-1}	
[{-3,-3,-3,-1}]	{-3,-3,-3,-1}	
[{-3}]	{-3}	
[{},{-2,-1,-1}]	{-2,-1,-1}	
[{-2,-2},{-3}]	{-3,-2,-2}	
[{-3,-2,-2,-1}]	{-3,-2,-2,-1}	
[{-3,-3,-2},{-3,-3,-2,-2}]	{-3,-3,-3,-3,-2,-2,-2}	
[{-3,-3,-1,-1},{-3,-2}]	{-3,-3,-3,-2,-1,-1}	
[{-3,-3,-2}]	{-3,-3,-2}	
[{-2,-2,-1}]	{-2,-2,-1}	
[{-3},{-2,-2,-1,-1}]	{-3,-2,-2,-1,-1}	
[{-3,-2,-2,-1},{-3,-1}]	{-3,-3,-2,-2,-1,-1}	
[{-3,-2},{-2,-2,-2}]	{-3,-2,-2,-2,-2}	
[{-8,-7,-7,-5,1,1,3,4},{-2},{-10,-10,-7,0,1,3},{2}]	{-10,-10,-8,-7,-7,-7,-5,-2,0,1,1,1,2,3,3,4}	
[{-10,-9,-9,-9,-7,-2,-1,2,4},{-9,-7,-6,-6,-3,0,1,3},{-10,-9,-2,-1,1,3}]	{-10,-10,-9,-9,-9,-9,-9,-7,-7,-6,-6,-3,-2,-2,-1,-1,0,1,1,2,3,3,4}	
[{-8,-7,-6,-3,-2,-2,0,3},{-10,-6,-4,-4,-4,-2,-1,4},{-10,-9,-8,-8,-6},{-10,0,4}]	{-10,-10,-10,-9,-8,-8,-8,-7,-6,-6,-6,-4,-4,-4,-3,-2,-2,-2,-1,0,0,3,4,4}	
[{-10,-9,-9,-3,-1,-1,0},{-5},{4},{-8},{},{-9,-6,-5,-4,-2,2,3},{-3,-3,-2,-1,0}]	{-10,-9,-9,-9,-8,-6,-5,-5,-4,-3,-3,-3,-2,-2,-1,-1,-1,0,0,2,3,4}	
[{-6,-3,-1,1,2,2,2},{-10,-8,-6,-2,4},{-2},{-8,-4,-3,-3,-2,-1,1,2,3},{-8,-6,-5,-4,-2,-2,2,4}]	{-10,-8,-8,-8,-6,-6,-6,-5,-4,-4,-3,-3,-3,-2,-2,-2,-2,-2,-1,-1,1,1,2,2,2,2,2,3,4,4}	
[{-5,-2,0,1,1,2},{-7,-6,-3},{-8,-7,-4,-4,0,2,3,4},{}]	{-8,-7,-7,-6,-5,-4,-4,-3,-2,0,0,1,1,2,2,3,4}	
[{-9,-6,-4,2,2,3}]	{-9,-6,-4,2,2,3}	
[{-9,-5,-3,-1,-1,1,1,2},{-10,-6,0,1,2},{-10,-6,-6,-6,0,1}]	{-10,-10,-9,-6,-6,-6,-6,-5,-3,-1,-1,0,0,1,1,1,1,2,2}	
[{-9,-7,-7},{-6,-4,-1,1},{-6,-5,-2,0,0,1,2},{-9,-8,-6,-5,-4,1,2,4},{-10},{-5,2,3}]	{-10,-9,-9,-8,-7,-7,-6,-6,-6,-5,-5,-5,-4,-4,-2,-1,0,0,1,1,1,2,2,2,3,4}	
[{-3,2,2},{-9},{-10,-5,-4,-2,-1,1,3,4},{-10,-9,-8,3,4},{-5,-3,3,4},{-9,-8,-5,-4,-2,-1,3}]	{-10,-10,-9,-9,-9,-8,-8,-5,-5,-5,-4,-4,-3,-3,-2,-2,-1,-1,1,2,2,3,3,3,3,4,4,4}	
[{-10,-8,-8,-6,-4,4},{-4,-3}]	{-10,-8,-8,-6,-4,-4,-3,4}	
[{-9,-4,-3,0,1,4},{-9,-6,-5,-4,-2,-1,-1,1},{-9,-6},{-7,-5,1,2},{},{-6,4}]	{-9,-9,-9,-7,-6,-6,-6,-5,-5,-4,-4,-3,-2,-1,-1,0,1,1,1,2,4,4}	
[{-10,-9,-6,-5},{-8,-5,-4,-3,-3,-3,0,2},{-9,-8,-3,3}]	{-10,-9,-9,-8,-8,-6,-5,-5,-4,-3,-3,-3,-3,0,2,3}	
[{-8,2,4},{-9,-9,-9,-9,-8,-5,-3,-2,1},{-9,-7,-5,-3,-3,-1,0,3,4},{-9,-7,-6,-4,-2,-1,3,4},{-10,-3,0},{-9,0,4},{-8,-8}]	{-10,-9,-9,-9,-9,-9,-9,-9,-8,-8,-8,-8,-7,-7,-6,-5,-5,-4,-3,-3,-3,-3,-2,-2,-1,-1,0,0,0,1,2,3,3,4,4,4,4}	
[{-3,-1,-1},{-4}]	{-4,-3,-1,-1}	
[{1,3},{-8},{-9,-7,-3,-2,-2,-1,2},{},{-7,-7,-7,-2,-1,-1,4}]	{-9,-8,-7,-7,-7,-7,-3,-2,-2,-2,-1,-1,-1,1,2,3,4}	
[{1,3},{-10,-9,2,2,3,4},{-8,-5,2},{-10,-6,-5,-5,0,3},{-8,-6,-2,0,2,3,3},{-10,-10,-5,0}]	{-10,-10,-10,-10,-9,-8,-8,-6,-6,-5,-5,-5,-5,-2,0,0,0,1,2,2,2,2,3,3,3,3,3,4}	
[{-8,-8,-3,-2,0,2,2,3,3},{-5,-3,1},{-9,-7,-1,4},{-10,-4,-4,-4,0,3},{-2,4},{-9,-6,-5,-5,-3,-3,-2,2},{1,3},{-8,-3,-2,1,3}]	{-10,-9,-9,-8,-8,-8,-7,-6,-5,-5,-5,-4,-4,-4,-3,-3,-3,-3,-3,-2,-2,-2,-2,-1,0,0,1,1,1,2,2,2,3,3,3,3,3,4,4}	
[{-10,-6,-1},{},{-10,-7,-4,-2,-2,-1},{-10,-9,4},{4},{-3,1},{-8,-3,1,3}]	{-10,-10,-10,-9,-8,-7,-6,-4,-3,-3,-2,-2,-1,-1,1,1,3,4,4}	
[{-10,-8,-7,-5,-3}]	{-10,-8,-7,-5,-3}	
[{-10,-6,-4,-4,0,2,2,2,2},{-5,1,3,4,4,4},{-9},{-9},{-10,-8,-5,-4,-3,-3,-2,4},{-10,-8,-7,-4,-4,0,1,2},{-8,-1,4},{-6,-5,-2,-2,-1,1,3,4}]	{-10,-10,-10,-9,-9,-8,-8,-8,-7,-6,-6,-5,-5,-5,-4,-4,-4,-4,-4,-3,-3,-2,-2,-2,-1,-1,0,0,1,1,1,2,2,2,2,2,3,3,4,4,4,4,4,4}	
[{-9,-9,-6,-2},{-9,-9,-7,-5,-3,0,2,4},{-4,-4,1,1,2,2}]	{-9,-9,-9,-9,-7,-6,-5,-4,-4,-3,-2,0,1,1,2,2,2,4}	
[{2},{-9,-5,-4,2,2},{-10,-9,-8,-5,-2,2},{}]	{-10,-9,-9,-8,-5,-5,-4,-2,2,2,2,2}	
[{-8,-7,-2},{-10,-4,-1,-1,2,3},{-10,-10,-7,-6,-5,-2,0,2,4},{-9,-9,-5,-1,0,1,2},{2,4}]	{-10,-10,-10,-9,-9,-8,-7,-7,-6,-5,-5,-4,-2,-2,-1,-1,-1,0,0,1,2,2,2,2,3,4,4}	
[{-9,-8,-5,-3,-2,1,3,3},{-10,-9},{-5,-4,-3,-1,4},{-9,-7,-7,-3},{-8,-8,-7,-6,-5,1,2,3,4},{-10,-7,-6,-3,0,2,3},{-5}]	{-10,-10,-9,-9,-9,-8,-8,-8,-7,-7,-7,-7,-6,-6,-5,-5,-5,-5,-4,-3,-3,-3,-3,-2,-1,0,1,1,2,2,3,3,3,3,4,4}	
[{-7,-6,-1,-1,2,2,2},{-9,-9,-1,1,2,3},{-8,-6,-4,-3,-2,-2,-1,2},{-3},{-9,-9,-8,-7,-6,-5,1,2,2},{-10,-9,-8,-8,-5,-1,4},{-9,-7,-7,-2,-2,1,2}]	{-10,-9,-9,-9,-9,-9,-9,-8,-8,-8,-8,-7,-7,-7,-7,-6,-6,-6,-5,-5,-4,-3,-3,-2,-2,-2,-2,-1,-1,-1,-1,-1,1,1,1,2,2,2,2,2,2,2,2,3,4}	
[{-9,-9,-8,-6},{-10,-5,-5,-1,2,4},{-10,-8,-5,1,1,1,4,4},{-8,-4,-3,4},{-9,-5,1,1,2,3,3,4,4},{-1},{-3,-2,0,0,1,4}]	{-10,-10,-9,-9,-9,-8,-8,-8,-6,-5,-5,-5,-5,-4,-3,-3,-2,-1,-1,0,0,1,1,1,1,1,1,2,2,3,3,4,4,4,4,4,4,4}	
[{-6,-4,0,0,4},{},{-4,-2,-1,1,2,3},{-9,-6,-5,-2,4,4},{-9,-6,-5,-2,-1,3},{-2,-1,0},{-6},{-8,-1,0,2}]	{-9,-9,-8,-6,-6,-6,-6,-5,-5,-4,-4,-2,-2,-2,-2,-1,-1,-1,-1,0,0,0,0,1,2,2,3,3,4,4,4}	
[{-6,2}]	{-6,2}	
[{-9,-1,-1,0,3,3,3},{-6,1},{-9,2}]	{-9,-9,-6,-1,-1,0,1,2,3,3,3}	
[{-10,-7,-6,0,2,2,3},{-9},{0,1,3,3},{-10,-9,-9,-5,-2,2,3,4},{-9},{-8,-6,-5,3,3},{-10,-10,-5,-2,-1,2,2},{4},{-9,-5,-3,0,0}]	{-10,-10,-10,-10,-9,-9,-9,-9,-9,-8,-7,-6,-6,-5,-5,-5,-5,-3,-2,-2,-1,0,0,0,0,1,2,2,2,2,2,3,3,3,3,3,3,4,4}	
[{-10,-5,-4,-4,-3,1,2},{-8,-7,1,3,4},{},{4},{-8,-6,-6,-6,-1,-1,0,2,4},{0,2},{},{-8,-5,-2,-2,-2,-1,2}]	{-10,-8,-8,-8,-7,-6,-6,-6,-5,-5,-4,-4,-3,-2,-2,-2,-1,-1,-1,0,0,1,1,2,2,2,2,3,4,4,4}	
[{-8,-6,-4,-4,-1},{-9,-6,-6,-4,-3,-2,0,0,2},{-9},{-9,-5},{-8,-7,-4,-4},{-8,-8,-7,-6,-6,-6,-2,1,2},{-7,1,1},{-4,-2}]	{-9,-9,-9,-8,-8,-8,-8,-7,-7,-7,-6,-6,-6,-6,-6,-6,-5,-4,-4,-4,-4,-4,-4,-3,-2,-2,-2,-1,0,0,1,1,1,2,2}	
[{},{-9,-8,-7,-3,-1,1,3,3},{4},{-10,-7,-5,-2},{},{-10,-9,-8,-8,-6,-5,-5,-4,1},{-9,-9,-6,-5,-1,-1,0,1,4},{-8,-5,-4,-4,-2,0,1,1,4},{-5,-2,-2,2,2,4}]	{-10,-10,-9,-9,-9,-9,-8,-8,-8,-8,-7,-7,-6,-6,-5,-5,-5,-5,-5,-5,-4,-4,-4,-3,-2,-2,-2,-2,-1,-1,-1,0,0,1,1,1,1,1,2,2,3,3,4,4,4,4}	
[{3},{-9,-5,-3,2,3},{-7,-7,-7,-6,-6,-5,1,1},{-10,-9,-8,-4,4},{-9,-7,-3,0,0,1,2},{-10,-10,-9,-8,-7,-3,-3,3,4},{},{-10,-10,-7,-7,-7,-5,-3,-1,4},{-1}]	{-10,-10,-10,-10,-10,-9,-9,-9,-9,-8,-8,-7,-7,-7,-7,-7,-7,-7,-7,-6,-6,-5,-5,-5,-4,-3,-3,-3,-3,-3,-1,-1,0,0,1,1,1,2,2,3,3,3,4,4,4}	
[{-5,-4,-3,-1,0,3,3},{3,4},{-5,-3,-1,3},{-8,-6}]	{-8,-6,-5,-5,-4,-3,-3,-1,-1,0,3,3,3,3,4}	
[{-10,-9,-4,2,3},{-7,-2,-1,-1,0,3,4,4},{-10,-10,-5,-5,3},{-1,0,1,1},{-10,-8,-7,-2,1,4},{-3},{-10,-9,-9,-7,-6,-3,1,4}]	{-10,-10,-10,-10,-10,-9,-9,-9,-8,-7,-7,-7,-6,-5,-5,-4,-3,-3,-2,-2,-1,-1,-1,0,0,1,1,1,1,2,3,3,3,4,4,4,4}	
[{-9,-4,-2,-2,0,1,3,4}]	{-9,-4,-2,-2,0,1,3,4}	
[{-10,-8,-6,-5,-1,0,0,1,1},{-7,-5,-5,0,1,3,3,4},{-9,-4},{4}]	{-10,-9,-8,-7,-6,-5,-5,-5,-4,-1,0,0,0,1,1,1,3,3,4,4}	
[{-6,-3,2,3},{-9,-6,-4,2,4},{-10,-8,-8,-3,-3,1,2},{-10,-8,-6,-4,-4,-3,0},{},{-10,-5,-5,-4,-1,0,2,3}]	{-10,-10,-10,-9,-8,-8,-8,-6,-6,-6,-5,-5,-4,-4,-4,-4,-3,-3,-3,-3,-1,0,0,1,2,2,2,2,3,3,4}	
[{-7}]	{-7}	
[{-5,-2,0},{-5,-3,-3,-1,4},{-9,-5,-4,-2,-2,2}]	{-9,-5,-5,-5,-4,-3,-3,-2,-2,-2,-1,0,2,4}	
[{-6,-6,-4,2},{-10,-5,0,1,1,1,1,3,3},{-10,-10,-4,-3,0,1,1},{-10,-6,-6,-5,-4,-4,-3,3,4},{},{-5,-5,-3,2,2},{0},{-10,-7,-6,-2,-1,1,1,2}]	{-10,-10,-10,-10,-10,-7,-6,-6,-6,-6,-6,-5,-5,-5,-5,-4,-4,-4,-4,-3,-3,-3,-2,-1,0,0,0,1,1,1,1,1,1,1,1,2,2,2,2,3,3,3,4}	
[{-10,-7,-2},{-7,-5,-3,-2,0,0,2,3,4},{-10,-8,-6,-5,-2,0,3},{-4,-1,1,3,4,4},{-9,-8,-8,0,1,3,4},{-4,1},{-6,4},{2},{2}]	{-10,-10,-9,-8,-8,-8,-7,-7,-6,-6,-5,-5,-4,-4,-3,-2,-2,-2,-1,0,0,0,0,1,1,1,2,2,2,3,3,3,3,4,4,4,4,4}	
[{-4},{-10,-6,-6},{0,3},{2},{-10,-9,-8,3,4,4},{-10,-10,-8,-6,-4,-3,1},{2},{-9,-4,-2,4,4},{-4,0}]	{-10,-10,-10,-10,-9,-9,-8,-8,-6,-6,-6,-4,-4,-4,-4,-3,-2,0,0,1,2,2,3,3,4,4,4,4}	
[{},{-10,-9,-8,-7,-2,-1,0,1},{-4},{}]	{-10,-9,-8,-7,-4,-2,-1,0,1}	
[{-4,-4,-3,-1,1,3,4},{},{4},{-7,-7,-6,-5,-2,0,3},{-6},{-10,-9,-3,-2,3,3,3,4}]	{-10,-9,-7,-7,-6,-6,-5,-4,-4,-3,-3,-2,-2,-1,0,1,3,3,3,3,3,4,4,4}	
[{-9,-7,-7,-5,1,1,4},{-7,-7,-4,-3,-2,1,1,4}]	{-9,-7,-7,-7,-7,-5,-4,-3,-2,1,1,1,1,4,4}	
[{-8,-7,-5,-3,0,0,3,3},{-4,-4,-2,1,4},{-10,-7,-2,1,1,4},{-8,-8,-1,-1,3},{-7,-5,-4,0,2,3,3,4}]	{-10,-8,-8,-8,-7,-7,-7,-5,-5,-4,-4,-4,-3,-2,-2,-1,-1,0,0,0,1,1,1,2,3,3,3,3,3,4,4,4}	
[{-10,-9,-6,-6,-4,-1,-1,0,0},{-7,0},{-9,-4,-4,-3,-3,-2,2,3},{-7,2},{},{-10,-9,-8,-3,-1,0,1,4},{-8,-5,-3,-2,-1},{-6,-4,1}]	{-10,-10,-9,-9,-9,-8,-8,-7,-7,-6,-6,-6,-5,-4,-4,-4,-4,-3,-3,-3,-3,-2,-2,-1,-1,-1,-1,0,0,0,0,1,1,2,2,3,4}	
[{-8,-7,-4,3,3,4},{-10,-9,-7,-4,-3,0,0,4},{-10,-5,-5,-1,1,4},{},{-5,1,4},{-9,-4,1,2},{},{-8,-6,-2,3}]	{-10,-10,-9,-9,-8,-8,-7,-7,-6,-5,-5,-5,-4,-4,-4,-3,-2,-1,0,0,1,1,1,2,3,3,3,4,4,4,4}	
[{},{-8,-6,-6,-4,-3,1},{-7,-5,-5,-5,-5,-2,-1,0,3},{-10,-8,-5,-3,0,2,3,3,4},{-7,-7,2},{-9,-5,-3,-2,-1,-1,0,1}]	{-10,-9,-8,-8,-7,-7,-7,-6,-6,-5,-5,-5,-5,-5,-5,-4,-3,-3,-3,-2,-2,-1,-1,-1,0,0,0,1,1,2,2,3,3,3,4}	
[{-2},{-10,-3,-3,-2,0,1,1,4},{-9,-9,-9,-1,0,2,4},{-7,-5,-4,3},{-10,-9,-9,-6,-3,3,4},{-10,-9,-6,-4,0},{-10,-9,-9,-8,2,4},{-10,-8,-5}]	{-10,-10,-10,-10,-10,-9,-9,-9,-9,-9,-9,-9,-9,-8,-8,-7,-6,-6,-5,-5,-4,-4,-3,-3,-3,-2,-2,-1,0,0,0,1,1,2,2,3,3,4,4,4,4}	
[{-8,-5,-4,-3,0,2,2,3},{3,3},{-4},{-10,-5,2},{-10,-7,-4,-3,-1,0,1,2},{-9,-9,-6,0,1,2,2}]	{-10,-10,-9,-9,-8,-7,-6,-5,-5,-4,-4,-4,-3,-3,-1,0,0,0,1,1,2,2,2,2,2,2,3,3,3}	
[{0,1,2},{-10,-8,-5,-4},{},{},{-3},{-10,-9,-6,-4,-3,-2,-2,-1,2},{-9,-9,-2,-1,0,1},{-9,-4,-3,-2,2,2,3,3,4}]	{-10,-10,-9,-9,-9,-9,-8,-6,-5,-4,-4,-4,-3,-3,-3,-2,-2,-2,-2,-1,-1,0,0,1,1,2,2,2,2,3,3,4}	
[{-8,-7,-5,-2,-1,4}]	{-8,-7,-5,-2,-1,4}	
[{1},{0},{-7,-7,-6,-6,-5,-3,-2,1,4},{-3},{0,0,4},{-9,-6,-4,-4,-2},{-8,-5,-4,-2,0,1,3,4}]	{-9,-8,-7,-7,-6,-6,-6,-5,-5,-4,-4,-4,-3,-3,-2,-2,-2,0,0,0,0,1,1,1,3,4,4,4}	
[{-10,-9,-6,-5,-2,2},{-9,-7,-6,-3,-1,1,1},{-8,-2},{-5,-5,-2,-1,4},{-8,-4,-3,-2,-2,-1,4},{-10,-8,-6,-5,-4,1,3}]	{-10,-10,-9,-9,-8,-8,-8,-7,-6,-6,-6,-5,-5,-5,-5,-4,-4,-3,-3,-2,-2,-2,-2,-2,-1,-1,-1,1,1,1,2,3,4,4}	
[{-9,-8,-8,-7,-3,-3},{-4,-2,1,2,3},{-4,-2,-2,0,4,4},{-10,-9},{-8,-5,2},{-9,-8,-5,-4,-1},{-9,-3,-1,1},{-10,-6,-5,-4,-3,-3,-1,-1,-1},{}]	{-10,-10,-9,-9,-9,-9,-8,-8,-8,-8,-7,-6,-5,-5,-5,-4,-4,-4,-4,-3,-3,-3,-3,-3,-2,-2,-2,-1,-1,-1,-1,-1,0,1,1,2,2,3,4,4}	
[{1,4},{},{},{-9,-8,-5,-3,-2,0,0,3},{-3,-3,1,2,3,3},{-10,4}]	{-10,-9,-8,-5,-3,-3,-3,-2,0,0,1,1,2,3,3,3,4,4}	
[{-5,-5,2,3},{-6,-3,-1,2},{-9,-8,-7,-5,-2,-2,-1,0,3},{-6,-4,-4,1,2,2,3},{-10,-7,-5,-2,-2,0},{-1,0,4},{3}]	{-10,-9,-8,-7,-7,-6,-6,-5,-5,-5,-5,-4,-4,-3,-2,-2,-2,-2,-1,-1,-1,0,0,0,1,2,2,2,2,3,3,3,3,4}	
[{-10,-8,-7,-5,-4,2},{-9,-8,-8,-7,-4,-2,-1,3,4},{-5,-5,2,3,3},{-3,-1,-1,1,3,4,4},{-10,-4},{-10,-10,-9,-9,-7,-3,-1,0,3}]	{-10,-10,-10,-10,-9,-9,-9,-8,-8,-8,-7,-7,-7,-5,-5,-5,-4,-4,-4,-3,-3,-2,-1,-1,-1,-1,0,1,2,2,3,3,3,3,3,4,4,4}	
[{-8,-7,-6,-5,-3,-2,0},{-9,-5,1,2,2,4,4},{-3,-3,-3,-2,2},{-9,-6,-6,-6,-4,-3,2},{-8,-7,-3,-2,0,1,4},{-4,0},{-10,-2,-1,1,1},{-10}]	{-10,-10,-9,-9,-8,-8,-7,-7,-6,-6,-6,-6,-5,-5,-4,-4,-3,-3,-3,-3,-3,-3,-2,-2,-2,-2,-1,0,0,0,1,1,1,1,2,2,2,2,4,4,4}	
[{-9,-8,-6,-3,-3},{-9,-2,-1,-1,1,2}]	{-9,-9,-8,-6,-3,-3,-2,-1,-1,1,2}	
[{-9,-9,-6,-5,-4,-3,1,4},{-9,-9,-7,-7,-1,2},{-8,-8,0,1,1,1}]	{-9,-9,-9,-9,-8,-8,-7,-7,-6,-5,-4,-3,-1,0,1,1,1,1,2,4}	
[{-8,-8,-3,-2,1,2,3},{-9,-2},{-9,-6,0,1,2,3,3,3,4},{-6,-5,-2,1,3}]	{-9,-9,-8,-8,-6,-6,-5,-3,-2,-2,-2,0,1,1,1,2,2,3,3,3,3,3,4}	
[{-10,-9,-1,0,1,3},{-8,-7,-6,-4,-4,-4,-4,-2,2},{-4,-1,0,0,0,2,3,4},{0},{-9,-5,-3,-1,0,0,1,2},{}]	{-10,-9,-9,-8,-7,-6,-5,-4,-4,-4,-4,-4,-3,-2,-1,-1,-1,0,0,0,0,0,0,0,1,1,2,2,2,3,3,4}	
[{-8,-6,-5,0,1,1,2,4,4},{},{-8,-4,0,1,2,3},{-10,3},{-5,-3,-3},{-3,-2}]	{-10,-8,-8,-6,-5,-5,-4,-3,-3,-3,-2,0,0,1,1,1,2,2,3,3,4,4}	
[{-7,-7,-5,-2,0,4},{-7,-6,-3,1},{-10,-9,-4,2,2,4,4},{-6,-6,-5,-4,-4,-1,1,1,2}]	{-10,-9,-7,-7,-7,-6,-6,-6,-5,-5,-4,-4,-4,-3,-2,-1,0,1,1,1,2,2,2,4,4,4}	
[{},{-10,-4,-3,-2,1},{-7,-7},{-3,-3,-1,0,0,2},{-9,-8,-5,-4,-4,0,1}]	{-10,-9,-8,-7,-7,-5,-4,-4,-4,-3,-3,-3,-2,-1,0,0,0,1,1,2}	
[{0,4},{-10,-3,4,4},{-3,0,3},{-8,-4,1,3,3}]	{-10,-8,-4,-3,-3,0,0,1,3,3,3,4,4,4}	
[{},{-4},{-10,-8,-8,-7,-3,-3,-2,-1,2},{-10,-8,-4,-3,-3,-1},{},{-3,-1}]	{-10,-10,-8,-8,-8,-7,-4,-4,-3,-3,-3,-3,-3,-2,-1,-1,-1,2}	
[{-9,-4},{-10,-8,-7,-7,2},{-8,-8,-7,-6,-4,-1,2,4,4},{-5,1,2,2,3},{-7,-6,-6,-5,1},{-9,-9,-7,-5,-2,-1,0,1,3},{-9,-9,-6,-5,-5,-4,-3,-3,4}]	{-10,-9,-9,-9,-9,-9,-8,-8,-8,-7,-7,-7,-7,-7,-6,-6,-6,-6,-5,-5,-5,-5,-5,-4,-4,-4,-3,-3,-2,-1,-1,0,1,1,1,2,2,2,2,3,3,4,4,4}	
[{},{-9,-7,-1,2,2,3},{-10,3},{-7,-6,-4,0}]	{-10,-9,-7,-7,-6,-4,-1,0,2,2,3,3}	
[{-5},{-9,-8,-7,-5,1,1,1,3},{-10,-7,-6,-6,-6,0,1,3,3},{-10,-8,-7,-2,3,3},{-1,4},{-5,-4,-1}]	{-10,-10,-9,-8,-8,-7,-7,-7,-6,-6,-6,-5,-5,-5,-4,-2,-1,-1,0,1,1,1,1,3,3,3,3,3,4}	
[{-7,-4,-3,0},{1,4},{-6,0,1,4,4,4},{-5,-5,0,0,2},{-10,-10,-9,-7,-7,-7,-2,-1,4},{-6,0,1,3},{-7,-5,-4,-1,-1}]	{-10,-10,-9,-7,-7,-7,-7,-7,-6,-6,-5,-5,-5,-4,-4,-3,-2,-1,-1,-1,0,0,0,0,0,1,1,1,2,3,4,4,4,4,4}	
[{-5,-5,2},{-8,-8,-8,-8,0}]	{-8,-8,-8,-8,-5,-5,0,2}	
[{-9,-9,-7,-4,-2,-1,2,3},{-8,-3}]	{-9,-9,-8,-7,-4,-3,-2,-1,2,3}	
[{-7,-7,-6,-4,-4,1,1},{-10,-9,-8,-7,-7,-5,-2,2},{-10,3},{},{},{-5,-4,-4,-4,-1,-1,4},{},{-10,-5,-3,-1,1,2},{-10,-9,-5,-4,-3,-1,-1}]	{-10,-10,-10,-10,-9,-9,-8,-7,-7,-7,-7,-6,-5,-5,-5,-5,-4,-4,-4,-4,-4,-4,-3,-3,-2,-1,-1,-1,-1,-1,1,1,1,2,2,3,4}	
[{-9},{},{-10,-8,-2,-1,2},{-10,-9,-7,-6,-5,-2,-2,1,4},{-7,-7,-1,0,4},{},{-4,0},{-9,-6,-5,-5,-2,2,3,3}]	{-10,-10,-9,-9,-9,-8,-7,-7,-7,-6,-6,-5,-5,-5,-4,-2,-2,-2,-2,-1,-1,0,0,1,2,2,3,3,4,4}	
[{-3,-3,-3},{-9,-8,-7,-7,-6,-4,2},{-2,3},{-8,-4,-3,-2}]	{-9,-8,-8,-7,-7,-6,-4,-4,-3,-3,-3,-3,-2,-2,2,3}	
[{-7},{-10,-7,3},{-10,-8,-8,-7,-3,-2,0,0}]	{-10,-10,-8,-8,-7,-7,-7,-3,-2,0,0,3}	
[{-6,-4,4,4},{-2,1,3},{-10,-9},{-9,-9,-8,-3,-2,-1,2,3,4},{-10,-7,-5,1},{-10,-8,-1,0,1,1,2,2}]	{-10,-10,-10,-9,-9,-9,-8,-8,-7,-6,-5,-4,-3,-2,-2,-1,-1,0,1,1,1,1,2,2,2,3,3,4,4,4}	
[{-8,-7,-4,0},{-10,-4,-2,4},{-6,-5,-4,-1,0,2}]	{-10,-8,-7,-6,-5,-4,-4,-4,-2,-1,0,0,2,4}	
[{-10,-10,-8,-4,-4,-2,0,3},{-8,-5,-3,-2,1},{-9,-9,0,1},{-10,-8,-7,-4,-2,-1,-1,1,3},{-7,-5,-2,0,0,3,3},{-6,-5,-5,-3,-2,-1,0,1,4}]	{-10,-10,-10,-9,-9,-8,-8,-8,-7,-7,-6,-5,-5,-5,-5,-4,-4,-4,-3,-3,-2,-2,-2,-2,-2,-1,-1,-1,0,0,0,0,0,1,1,1,1,3,3,3,3,4}	
[{-10,-10,-5,-3,-2,3}]	{-10,-10,-5,-3,-2,3}	
[{-9,4},{-9,-8,-2,3,4},{-9,-5,-3,-2,0,1,2},{-7,-5,-3,-1,3,4},{-10,-9,-6,-5,-4,2},{-5,-5},{-5,-4,-3,-2,0,2,3}]	{-10,-9,-9,-9,-9,-8,-7,-6,-5,-5,-5,-5,-5,-5,-4,-4,-3,-3,-3,-2,-2,-2,-1,0,0,1,2,2,2,3,3,3,4,4,4}	
[{-3},{-10,-5,-2,0,0,1,2}]	{-10,-5,-3,-2,0,0,1,2}	
[{-9,-1},{-10,-9,-8,-3,-2},{-6,-1},{-10,-8,-7,0},{-4,2,3,4},{-10,-10,-7,-5},{-7,-3,-2,4},{-7,-6,-6,1,1,1,3},{-2,3}]	{-10,-10,-10,-10,-9,-9,-8,-8,-7,-7,-7,-7,-6,-6,-6,-5,-4,-3,-3,-2,-2,-2,-1,-1,0,1,1,1,2,3,3,3,4,4}	
[{-10,-5,-2},{-10,-6,-5,-5,-3,1,2,4,4},{-10,-9,-7,-1,-1,3},{-8,-2,-1,1,3,3},{-9,1},{-8,-1,0,0,1}]	{-10,-10,-10,-9,-9,-8,-8,-7,-6,-5,-5,-5,-3,-2,-2,-1,-1,-1,-1,0,0,1,1,1,1,2,3,3,3,4,4}	
[{-4,-4,-4,1},{-4,-1}]	{-4,-4,-4,-4,-1,1}	
[{-495,-480,-474,-474,-470,-467,-465,-447,-435,-426,-425,-423,-422,-420,-415,-411,-408,-398,-398,-387,-385,-381,-373,-373,-371,-370,-359,-342,-342,-335,-322,-317,-317,-317,-315,-309,-299,-293,-289,-282,-280,-277,-266,-264,-258,-246,-238,-237,-228,-219,-209,-204,-187,-175,-170,-164,-151,-150,-142,-136,-133,-132,-128,-112,-110,-107,-94,-92,-92,-92,-82,-79,-76,-73,-63,-62,-42,-34,-21,-12,-3},{-499,-497,-491,-487,-484,-484,-477,-475,-474,-474,-464,-450,-438,-433,-427,-427,-412,-412,-401,-396,-379,-377,-370,-369,-363,-362,-362,-359,-352,-345,-335,-333,-316,-303,-299,-297,-291,-287,-285,-276,-272,-266,-264,-264,-238,-227,-224,-213,-211,-211,-209,-208,-208,-203,-201,-198,-192,-192,-188,-175,-148,-134,-131,-124,-119,-111,-110,-110,-105,-100,-96,-89,-87,-84,-75,-73,-32,-29,-25,-22,-14,-10,-10,-10,-7,-6,-5},{-500,-499,-498,-497,-497,-495,-489,-480,-469,-463,-461,-461,-458,-437,-436,-431,-430,-408,-405,-399,-388,-384,-381,-376,-353,-350,-347,-329,-292,-289,-283,-280,-272,-252,-248,-238,-229,-229,-228,-220,-207,-204,-198,-196,-196,-195,-190,-186,-184,-169,-166,-160,-159,-155,-153,-152,-137,-134,-108,-101,-99,-99,-97,-88,-81,-80,-79,-79,-70,-61,-53,-50,-49,-48,-43,-39,-39,-34,-9,-3,-2},{-496,-490,-453,-447,-446,-444,-444,-432,-426,-397,-385,-382,-366,-360,-350,-336,-332,-330,-327,-302,-298,-294,-273,-257,-257,-253,-239,-227,-223,-221,-220,-204,-203,-199,-192,-192,-188,-187,-186,-179,-172,-171,-148,-145,-145,-134,-130,-107,-95,-91,-88,-87,-87,-83,-54,-50,-47,-47,-45,-40,-33,-33,-16,-12,-11,-6},{-473,-319,-313,-180,-156,-149,-46,-30,-26,-26},{-454,-443,-442,-429,-404,-353,-321,-320,-254,-185,-146,-113,-30,-20,-18},{},{-492,-476,-467,-458,-441,-437,-431,-430,-428,-426,-425,-423,-420,-407,-393,-389,-372,-369,-363,-357,-355,-349,-313,-305,-302,-302,-300,-292,-289,-287,-281,-277,-274,-273,-250,-216,-205,-204,-197,-190,-180,-179,-175,-169,-154,-146,-146,-134,-127,-124,-115,-95,-95,-87,-81,-70,-37,-31,-12,-10},{-500,-500,-497,-497,-493,-490,-474,-463,-460,-453,-449,-441,-437,-433,-432,-429,-426,-424,-423,-419,-416,-415,-412,-388,-385,-381,-348,-318,-300,-299,-288,-286,-269,-267,-263,-263,-259,-257,-237,-236,-235,-235,-235,-226,-220,-219,-219,-216,-210,-205,-184,-182,-182,-179,-178,-170,-167,-164,-154,-152,-149,-148,-140,-134,-134,-119,-109,-104,-102,-101,-90,-81,-80,-73,-67,-63,-30,-19,-18,-13,-11,-5,-2},{-479,-471,-467,-451,-449,-447,-427,-363,-350,-333,-297,-286,-253,-249,-226,-215,-198,-162,-120,-105,-83,-79,-67,-53,-27,-24,-15,-15,-12,-7,-3},{-498,-498,-496,-490,-478,-477,-469,-458,-454,-450,-444,-432,-431,-427,-425,-422,-407,-399,-393,-392,-388,-385,-385,-383,-370,-365,-361,-357,-353,-337,-336,-332,-327,-307,-286,-283,-272,-266,-264,-263,-262,-255,-250,-246,-239,-231,-229,-220,-218,-212,-211,-210,-209,-208,-205,-204,-187,-186,-178,-178,-173,-168,-166,-158,-141,-139,-138,-122,-121,-107,-101,-95,-89,-89,-86,-69,-61,-55,-54,-52,-51,-48,-42,-41,-38,-35,-33,-31,-27,-26,-17,-16,-15,-9,-5},{-459,-432,-414,-368,-286,-210,-195,-178,-177,-71,-52},{-459,-421,-413,-390,-384,-339,-304,-277,-130,-118},{-496,-489,-448,-438,-432,-410,-381,-363,-321,-292,-257,-237,-206,-203,-168,-160,-104,-91,-82,-73,-66,-11},{-497,-487,-484,-475,-459,-453,-438,-427,-425,-424,-416,-415,-413,-402,-378,-372,-367,-362,-353,-351,-330,-315,-293,-281,-280,-275,-271,-268,-264,-252,-246,-242,-236,-223,-216,-214,-213,-201,-117,-116,-106,-92,-85,-68,-60,-57,-14,-11,-10,-9,-7},{-495,-490,-486,-464,-460,-459,-438,-436,-433,-432,-415,-410,-403,-402,-389,-360,-357,-354,-350,-339,-327,-319,-315,-307,-307,-295,-293,-291,-290,-289,-287,-286,-282,-266,-260,-260,-255,-245,-227,-221,-219,-213,-211,-205,-203,-200,-199,-192,-181,-176,-174,-165,-164,-155,-139,-137,-134,-128,-128,-108,-102,-96,-90,-85,-80,-79,-72,-69,-61,-57,-55,-47,-26,-23,-22,-18,-8,-5},{-498,-481,-478,-477,-476,-475,-471,-456,-454,-453,-448,-428,-424,-416,-415,-415,-402,-400,-394,-380,-379,-378,-375,-373,-361,-360,-354,-348,-336,-333,-332,-324,-322,-317,-316,-315,-307,-298,-294,-289,-287,-282,-274,-269,-264,-257,-253,-252,-252,-234,-234,-229,-226,-225,-223,-223,-221,-221,-216,-212,-211,-197,-196,-189,-188,-182,-181,-180,-168,-166,-166,-164,-132,-130,-130,-115,-107,-104,-101,-97,-92,-85,-80,-57,-50,-43,-43,-42,-42,-35,-34,-33,-23},{-483,-464,-460,-432,-414,-411,-402,-391,-362,-314,-294,-272,-269,-240,-238,-197,-192,-187,-176,-141,-135,-131,-129,-114,-84,-56,-48,-17,-5},{-498,-490,-488,-487,-483,-483,-476,-466,-455,-448,-443,-433,-424,-423,-422,-416,-416,-411,-410,-410,-409,-406,-405,-401,-392,-388,-380,-378,-365,-326,-326,-322,-319,-317,-315,-314,-301,-287,-270,-266,-251,-244,-237,-234,-221,-217,-202,-195,-192,-189,-185,-167,-164,-164,-160,-157,-149,-144,-141,-140,-140,-134,-121,-117,-116,-113,-104,-82,-78,-68,-66,-63,-63,-61,-60,-59,-50,-49,-47,-46,-35,-33,-30,-28,-27,-26,-25,-24,-13,-3,-2},{-324,-11},{-499,-496,-493,-491,-490,-488,-477,-460,-459,-456,-456,-442,-440,-431,-419,-412,-398,-397,-396,-392,-386,-386,-384,-376,-373,-369,-364,-360,-357,-352,-351,-334,-331,-326,-324,-321,-315,-312,-309,-307,-304,-288,-286,-267,-264,-257,-254,-242,-241,-239,-230,-227,-224,-212,-198,-197,-197,-193,-185,-184,-175,-168,-166,-165,-165,-163,-161,-158,-153,-150,-149,-139,-132,-110,-108,-100,-99,-87,-84,-82,-73,-70,-68,-60,-60,-33,-32,-24,-16,-13},{-497,-496,-460,-458,-452,-447,-440,-437,-431,-428,-423,-419,-380,-349,-341,-334,-321,-313,-298,-276,-275,-256,-240,-237,-236,-230,-230,-228,-222,-218,-218,-210,-203,-200,-198,-190,-187,-167,-167,-161,-161,-145,-144,-133,-119,-96,-93,-71,-69,-56,-50,-39,-31,-30,-26,-17,-16,-14,-11,-10},{-489,-485,-483,-471,-459,-445,-444,-430,-425,-423,-419,-416,-410,-406,-372,-358,-337,-327,-320,-319,-309,-300,-294,-267,-258,-236,-227,-224,-218,-208,-201,-192,-190,-187,-160,-150,-129,-129,-109,-106,-95,-75,-68,-67,-65,-59,-56,-55,-43,-37,-26,-22,-3},{-492,-488,-472,-466,-461,-460,-459,-437,-426,-403,-392,-380,-376,-311,-270,-234,-234,-212,-188,-183,-169,-154,-152,-143,-142,-106,-103,-99,-96,-80,-78,-64,-31,-18},{-487,-481,-474,-472,-471,-468,-455,-450,-447,-445,-445,-432,-429,-417,-398,-396,-387,-384,-374,-366,-362,-358,-356,-354,-342,-338,-325,-320,-315,-313,-311,-292,-291,-287,-271,-271,-270,-262,-246,-236,-235,-213,-208,-206,-204,-203,-198,-197,-196,-195,-192,-191,-190,-180,-164,-129,-129,-128,-126,-120,-113,-112,-92,-90,-85,-85,-80,-76,-65,-54,-53,-49,-31,-11,-10,-3},{-492,-480,-454,-440,-216,-139,-50,-37,-23,-11,-1},{-496,-495,-493,-490,-484,-481,-480,-476,-474,-452,-451,-447,-443,-435,-431,-429,-422,-396,-395,-380,-379,-373,-371,-369,-368,-364,-364,-361,-333,-330,-330,-321,-302,-293,-280,-276,-273,-249,-248,-247,-242,-236,-231,-230,-228,-219,-209,-207,-197,-189,-188,-185,-182,-172,-166,-143,-143,-138,-135,-134,-131,-129,-129,-128,-126,-123,-119,-97,-81,-72,-64,-59,-59,-50,-44,-29,-21,-10,-7,-6,-4,-2,-2},{-486,-476,-475,-465,-459,-455,-453,-444,-437,-416,-390,-388,-387,-383,-363,-359,-344,-343,-333,-332,-328,-327,-305,-305,-275,-270,-269,-268,-262,-260,-251,-243,-236,-236,-225,-221,-221,-220,-203,-185,-176,-160,-152,-150,-148,-142,-141,-137,-124,-121,-115,-108,-96,-86,-71,-65,-58,-58,-56,-49,-42,-10,-8,-6},{-487,-486,-484,-478,-475,-472,-468,-466,-464,-463,-454,-442,-441,-432,-430,-430,-423,-420,-389,-388,-383,-371,-368,-364,-361,-346,-343,-341,-341,-340,-338,-335,-330,-321,-320,-319,-314,-302,-292,-285,-284,-281,-280,-278,-273,-271,-263,-256,-256,-241,-236,-230,-217,-206,-190,-185,-174,-169,-168,-167,-166,-166,-156,-152,-151,-149,-148,-144,-126,-123,-123,-117,-109,-100,-98,-92,-91,-89,-87,-84,-82,-74,-64,-63,-62,-49,-45,-43,-43,-38,-35,-29,-17,-16,-11},{-494,-494,-493,-492,-478,-477,-451,-446,-434,-401,-377,-364,-353,-351,-349,-309,-271,-254,-241,-233,-226,-222,-199,-189,-182,-173,-161,-151,-135,-127,-119,-97,-96,-95,-91,-77,-57,-46,-33,-26,-18},{-405},{-493,-486,-482,-475,-473,-470,-467,-466,-466,-460,-458,-457,-452,-451,-448,-445,-444,-438,-414,-407,-406,-402,-397,-381,-361,-345,-336,-320,-315,-315,-312,-302,-299,-284,-277,-274,-258,-257,-251,-249,-244,-241,-234,-224,-222,-221,-220,-215,-209,-188,-184,-178,-168,-163,-154,-143,-137,-136,-131,-127,-112,-110,-104,-101,-90,-87,-86,-80,-73,-53,-50,-48,-43,-28,-24,-15,-14,-7,-1},{-500,-498,-488,-485,-466,-464,-461,-459,-450,-445,-439,-432,-406,-389,-386,-383,-376,-364,-355,-352,-340,-340,-331,-326,-326,-325,-324,-320,-315,-303,-298,-294,-293,-280,-272,-265,-263,-255,-253,-252,-251,-245,-244,-239,-232,-228,-223,-223,-216,-212,-208,-206,-205,-202,-195,-193,-184,-179,-169,-167,-164,-158,-156,-154,-154,-145,-140,-129,-126,-121,-119,-99,-96,-93,-88,-88,-88,-79,-74,-74,-74,-59,-58,-57,-46,-46,-42,-33,-31,-31,-19,-10,-8},{-499,-492,-479,-472,-471,-456,-448,-441,-440,-440,-437,-437,-428,-425,-404,-397,-392,-388,-384,-379,-376,-369,-355,-350,-322,-303,-300,-290,-276,-247,-239,-233,-224,-223,-210,-208,-183,-182,-179,-176,-169,-161,-157,-142,-141,-138,-98,-97,-91,-88,-83,-76,-75,-48,-33,-32,-29,-13},{-498,-497,-495,-490,-490,-488,-476,-466,-464,-462,-457,-450,-445,-442,-442,-440,-439,-437,-427,-419,-419,-416,-414,-407,-403,-396,-391,-382,-372,-369,-364,-358,-355,-354,-353,-348,-334,-332,-306,-299,-296,-294,-290,-287,-283,-274,-273,-273,-267,-260,-254,-244,-235,-233,-233,-218,-218,-210,-209,-204,-197,-186,-184,-178,-178,-169,-166,-166,-163,-155,-154,-153,-150,-148,-148,-144,-143,-140,-129,-125,-125,-124,-90,-82,-80,-69,-56,-44,-43,-41,-31,-15,-4,-2,-1},{-492,-487,-486,-482,-474,-474,-469,-454,-450,-443,-440,-426,-424,-411,-406,-403,-401,-398,-372,-368,-366,-361,-355,-348,-347,-346,-342,-342,-336,-321,-308,-308,-305,-297,-292,-292,-288,-287,-286,-286,-282,-274,-272,-267,-266,-262,-256,-250,-247,-241,-232,-230,-227,-225,-222,-221,-220,-218,-215,-206,-196,-193,-186,-184,-182,-180,-173,-172,-165,-163,-156,-152,-146,-132,-123,-121,-116,-116,-113,-110,-108,-93,-90,-90,-85,-85,-71,-70,-70,-56,-54,-54,-52,-39,-35,-31,-27,-5},{-500,-492,-487,-481,-480,-480,-480,-478,-451,-444,-443,-438,-423,-416,-411,-411,-406,-406,-397,-387,-384,-381,-376,-375,-366,-364,-347,-345,-345,-340,-339,-339,-335,-322,-320,-318,-310,-310,-301,-296,-291,-289,-283,-282,-281,-271,-270,-264,-262,-257,-257,-256,-251,-236,-233,-230,-229,-224,-209,-191,-186,-185,-179,-167,-164,-161,-160,-152,-144,-142,-141,-134,-131,-126,-121,-116,-108,-103,-99,-96,-95,-95,-92,-80,-77,-75,-66,-65,-45,-44,-44,-41,-37,-34,-31,-19,-14,-6},{-493,-490,-476,-473,-464,-459,-455,-453,-450,-433,-431,-430,-421,-414,-414,-381,-380,-378,-367,-356,-350,-339,-335,-330,-328,-327,-324,-323,-320,-316,-313,-309,-309,-306,-305,-304,-303,-297,-291,-289,-287,-284,-281,-276,-269,-269,-259,-247,-246,-224,-224,-219,-215,-212,-197,-190,-177,-157,-156,-152,-150,-146,-140,-137,-136,-135,-134,-126,-121,-108,-94,-90,-86,-82,-79,-72,-68,-64,-62,-59,-55,-53,-39,-37,-29,-22,-19,-17,-17},{-273,-227},{-498,-493,-488,-485,-479,-473,-470,-467,-467,-466,-463,-462,-459,-455,-451,-439,-424,-412,-411,-399,-384,-381,-370,-366,-360,-355,-352,-344,-343,-337,-327,-327,-324,-314,-309,-291,-289,-282,-264,-263,-258,-254,-245,-243,-240,-233,-225,-224,-222,-216,-212,-211,-205,-205,-197,-196,-184,-168,-166,-156,-150,-143,-140,-138,-125,-120,-119,-118,-110,-108,-106,-102,-101,-91,-89,-84,-79,-77,-55,-55,-50,-28,-28,-9,-6,-6,-3},{-497,-475,-471,-465,-457,-441,-439,-438,-426,-417,-413,-408,-392,-392,-366,-355,-352,-342,-337,-325,-322,-293,-270,-267,-260,-242,-230,-203,-196,-193,-188,-177,-170,-162,-142,-132,-129,-128,-116,-111,-102,-97,-86,-86,-68,-67,-47,-33,-27,-25},{-487,-475,-465,-463,-455,-447,-436,-420,-420,-412,-408,-377,-369,-350,-346,-338,-334,-332,-279,-279,-264,-258,-254,-205,-198,-197,-195,-183,-152,-152,-139,-138,-130,-127,-99,-75,-65,-63,-62,-57,-57,-44,-38,-32,-25},{-493,-479,-459,-445,-437,-426,-418,-405,-400,-391,-385,-383,-378,-365,-343,-326,-310,-278,-266,-261,-244,-243,-231,-223,-203,-198,-191,-183,-168,-164,-160,-148,-143,-139,-129,-129,-101,-91,-70,-66,-53,-52,-14},{-490,-481,-479,-467,-465,-448,-444,-441,-440,-433,-430,-427,-423,-415,-399,-379,-375,-364,-352,-345,-336,-329,-329,-325,-322,-316,-306,-297,-268,-263,-258,-238,-232,-197,-187,-179,-174,-172,-143,-131,-115,-101,-85,-68,-54,-48,-20,-6},{-485,-466,-457,-444,-441,-426,-410,-406,-405,-391,-390,-381,-378,-376,-372,-362,-358,-353,-350,-349,-336,-329,-324,-324,-324,-308,-300,-298,-282,-267,-262,-223,-222,-222,-219,-208,-206,-199,-188,-186,-186,-178,-177,-175,-171,-169,-168,-159,-159,-157,-150,-149,-138,-132,-128,-126,-119,-116,-107,-105,-99,-84,-83,-82,-57,-57,-42,-42,-35,-30,-29,-22,-19,-18,-16},{-499,-470,-469,-413,-377,-375,-373,-362,-352,-339,-325,-324,-323,-303,-301,-223,-173,-137,-110,-104,-94,-83,-47,-2},{-484,-472,-458,-447,-446,-418,-410,-407,-394,-391,-351,-349,-346,-337,-317,-313,-308,-292,-285,-281,-274,-265,-262,-261,-255,-243,-228,-224,-223,-223,-211,-199,-199,-192,-165,-164,-163,-155,-155,-137,-133,-130,-123,-122,-119,-95,-89,-76,-68,-60,-59,-48,-40,-39,-39,-38,-37,-37,-10,-1},{-498,-495,-486,-471,-469,-449,-441,-438,-402,-384,-379,-364,-352,-351,-345,-345,-333,-330,-327,-325,-303,-273,-263,-262,-241,-227,-195,-183,-183,-173,-156,-155,-110,-102,-87,-83,-81,-77,-74,-70,-67,-65,-52,-41,-28},{-489,-461,-446,-372,-354,-327,-322,-299,-274,-239,-223,-211,-184,-183,-181,-179,-178,-151,-102,-97,-74,-56,-47,-20},{-496,-491,-410,-382,-379,-295,-242,-214,-210,-138,-60,-45,-28},{-496,-472,-464,-452,-438,-359,-348,-320,-283,-245,-194,-182,-174,-162,-152,-116,-72,-61,-38},{},{-493,-493,-485,-480,-460,-452,-437,-435,-404,-394,-385,-385,-366,-366,-330,-329,-328,-326,-315,-312,-309,-300,-293,-266,-262,-247,-238,-233,-215,-204,-188,-185,-176,-166,-159,-158,-153,-140,-137,-130,-130,-127,-127,-127,-123,-120,-116,-103,-101,-88,-83,-81,-75,-68,-67,-55,-47,-47,-22,-7},{-489,-473,-470,-469,-464,-463,-451,-451,-448,-445,-445,-440,-440,-432,-425,-423,-412,-399,-362,-360,-358,-348,-344,-340,-340,-337,-329,-319,-315,-315,-302,-285,-281,-279,-272,-250,-247,-238,-220,-219,-203,-201,-195,-182,-173,-162,-156,-152,-151,-146,-145,-142,-135,-119,-108,-103,-102,-98,-87,-71,-61,-56,-53,-43,-35,-28,-6},{-495,-474,-464,-457,-456,-451,-449,-441,-422,-421,-412,-408,-386,-380,-375,-372,-344,-344,-325,-322,-320,-320,-319,-316,-298,-293,-282,-273,-269,-260,-248,-246,-244,-236,-224,-222,-216,-216,-210,-207,-203,-199,-199,-188,-186,-177,-176,-167,-167,-166,-165,-161,-160,-150,-145,-144,-144,-139,-135,-132,-123,-113,-112,-103,-75,-53,-45,-34,-28,-24,-24,-21,-17,-15,-4,-2},{-500,-500,-487,-476,-475,-467,-461,-441,-425,-421,-414,-413,-394,-390,-377,-367,-366,-364,-359,-354,-336,-331,-324,-310,-308,-308,-303,-299,-295,-277,-246,-235,-233,-226,-225,-223,-207,-198,-191,-160,-157,-151,-145,-142,-137,-137,-133,-132,-110,-102,-92,-78,-62,-55,-43,-40,-38,-36,-26,-22,-17,-11,-3},{-480,-465,-459,-453,-438,-435,-425,-416,-410,-407,-400,-398,-397,-389,-385,-384,-377,-371,-360,-351,-335,-316,-314,-308,-302,-299,-298,-295,-278,-277,-276,-274,-274,-249,-233,-232,-230,-225,-216,-199,-198,-196,-164,-162,-150,-150,-149,-145,-144,-120,-119,-117,-113,-108,-103,-103,-95,-86,-83,-76,-75,-69,-56,-55,-51,-44,-35,-34,-32,-28,-27,-27,-8},{-497,-491,-490,-477,-475,-474,-469,-461,-454,-446,-444,-444,-443,-416,-413,-403,-398,-398,-386,-380,-378,-375,-367,-358,-354,-342,-327,-326,-324,-323,-322,-317,-299,-296,-287,-284,-284,-281,-278,-278,-270,-254,-250,-246,-245,-242,-237,-229,-229,-225,-205,-204,-200,-196,-196,-191,-185,-151,-143,-140,-131,-124,-117,-115,-111,-110,-89,-84,-76,-72,-70,-65,-54,-47,-45,-40,-34,-33,-10},{-500,-497,-489,-483,-476,-470,-467,-466,-462,-460,-451,-442,-439,-438,-430,-428,-422,-417,-405,-399,-395,-395,-377,-377,-376,-371,-369,-366,-351,-327,-318,-295,-294,-292,-289,-285,-282,-279,-269,-263,-259,-237,-228,-207,-201,-174,-171,-167,-159,-159,-158,-158,-155,-138,-132,-122,-113,-107,-89,-89,-85,-81,-53,-40,-22,-19,-13,-6},{-500,-496,-483,-474,-473,-471,-462,-461,-456,-447,-446,-428,-426,-425,-423,-422,-421,-404,-397,-392,-386,-384,-377,-372,-367,-363,-363,-359,-357,-354,-354,-332,-324,-318,-317,-316,-315,-313,-295,-284,-283,-278,-264,-263,-257,-250,-245,-244,-238,-233,-220,-220,-217,-217,-215,-215,-203,-191,-191,-189,-188,-185,-182,-179,-178,-177,-176,-173,-172,-171,-154,-151,-151,-145,-142,-142,-139,-139,-136,-133,-128,-121,-104,-71,-58,-56,-50,-48,-48,-45,-43,-41,-27,-20,-20,-16,-9,-5,-2},{-491,-483,-478,-477,-416,-410,-405,-402,-343,-342,-341,-341,-283,-274,-260,-242,-236,-231,-215,-208,-200,-182,-173,-172,-166,-163,-145,-114,-99,-98,-89,-70,-69,-62,-61,-52,-50,-43,-32,-31,-29,-17,-9},{-489,-484,-483,-482,-473,-472,-457,-448,-445,-437,-432,-417,-416,-409,-407,-404,-396,-392,-373,-373,-363,-362,-352,-330,-302,-297,-295,-284,-278,-277,-272,-246,-246,-241,-232,-225,-223,-220,-217,-204,-197,-197,-193,-182,-180,-176,-163,-160,-139,-135,-130,-121,-120,-113,-113,-112,-89,-75,-69,-66,-66,-64,-63,-59,-49,-45,-43,-20,-20,-19,-18,-3},{-470,-455,-445,-428,-415,-381,-375,-370,-349,-332,-275,-271,-259,-258,-250,-211,-203,-198,-197,-196,-190,-161,-157,-100,-97,-86,-79,-61,-46,-43,-41,-40,-37,-31,-30,-12},{-487,-472,-455,-442,-427,-416,-397,-370,-351,-348,-347,-344,-334,-318,-307,-301,-253,-236,-223,-222,-222,-177,-163,-137,-103,-85,-84,-84,-76,-73,-59,-47,-40,-32,-27,-26},{-495,-488,-478,-472,-472,-461,-461,-460,-457,-442,-441,-438,-436,-434,-417,-416,-412,-409,-393,-386,-385,-384,-383,-379,-377,-360,-360,-358,-328,-320,-313,-311,-302,-289,-285,-274,-272,-268,-265,-261,-256,-253,-250,-249,-243,-240,-229,-228,-214,-209,-184,-182,-177,-176,-172,-170,-160,-151,-144,-136,-113,-104,-98,-91,-87,-78,-77,-72,-72,-46,-44,-44,-36,-33,-30,-24,-9},{-488,-481,-479,-474,-474,-473,-459,-459,-458,-447,-440,-433,-424,-413,-396,-394,-391,-391,-387,-381,-379,-377,-363,-357,-349,-344,-344,-339,-338,-336,-318,-317,-316,-306,-290,-286,-281,-267,-257,-255,-252,-248,-236,-230,-229,-225,-224,-220,-219,-219,-204,-200,-199,-197,-196,-195,-193,-179,-175,-172,-169,-166,-162,-161,-158,-156,-154,-153,-134,-125,-112,-108,-100,-96,-75,-71,-63,-55,-54,-31,-28,-23,-23,-19,-18,-16,-12,-5,-3},{-496,-496,-488,-471,-452,-450,-445,-444,-434,-433,-433,-427,-424,-416,-415,-404,-401,-389,-372,-365,-364,-342,-330,-322,-321,-289,-280,-271,-268,-263,-255,-252,-250,-207,-200,-195,-168,-167,-166,-162,-160,-156,-139,-134,-122,-119,-119,-102,-82,-71,-67,-65,-63,-58,-53,-46,-24,-14,-11,-10},{-497,-495,-491,-472,-471,-466,-463,-460,-457,-442,-436,-428,-423,-412,-396,-393,-387,-381,-373,-367,-347,-336,-331,-327,-321,-317,-313,-305,-290,-289,-280,-266,-262,-251,-239,-228,-221,-213,-210,-209,-196,-185,-177,-157,-155,-150,-149,-144,-136,-136,-130,-121,-113,-82,-66,-65,-57,-43,-34,-33,-30,-25,-23,-23,-15,-9,-6,-3},{-489,-487,-482,-467,-466,-450,-449,-435,-428,-393,-387,-374,-365,-362,-353,-326,-322,-315,-292,-274,-264,-249,-247,-192,-146,-112,-87,-74,-35,-26},{-473,-452,-449,-443,-409,-402,-392,-383,-382,-361,-341,-310,-306,-281,-220,-193,-188,-177,-173,-167,-156,-155,-123,-116,-107,-96,-70,-59,-55,-46,-32,-30,-10},{-494,-494,-483,-475,-474,-465,-460,-457,-453,-451,-449,-446,-430,-412,-412,-402,-397,-393,-366,-355,-348,-343,-333,-319,-305,-300,-298,-291,-288,-283,-280,-280,-271,-240,-210,-204,-203,-192,-190,-181,-177,-176,-169,-157,-153,-152,-152,-149,-149,-148,-142,-134,-127,-127,-119,-113,-112,-103,-82,-66,-45,-40,-30,-10,-9,-3,-1},{-494,-487,-475,-474,-463,-458,-450,-447,-430,-379,-345,-327,-319,-263,-254,-225,-187,-175,-175,-172,-164,-156,-139,-127,-122,-115,-108,-67,-13},{-484,-480,-468,-457,-432,-431,-431,-425,-417,-415,-382,-377,-370,-360,-358,-338,-332,-322,-299,-268,-247,-241,-221,-218,-196,-195,-194,-179,-177,-172,-164,-148,-145,-130,-104,-102,-91,-90,-86,-85,-85,-79,-76,-65,-54,-36,-18,-4},{-482,-480,-474,-466,-461,-451,-451,-439,-430,-428,-418,-416,-401,-390,-386,-386,-369,-365,-358,-356,-343,-331,-314,-304,-291,-281,-271,-257,-243,-219,-206,-204,-192,-181,-178,-170,-168,-157,-155,-155,-151,-149,-148,-146,-135,-134,-129,-112,-102,-92,-90,-88,-82,-75,-62,-51,-35,-32,-22,-22,-21,-16,-16,-15,-13,-1},{-452,-438,-434,-432,-431,-429,-423,-412,-392,-389,-384,-374,-368,-362,-348,-345,-304,-274,-261,-258,-255,-246,-236,-205,-186,-169,-149,-147,-141,-137,-135,-133,-130,-128,-115,-103,-76,-73,-39,-37,-21,-12,-7,-4},{-499,-495,-491,-480,-469,-465,-454,-453,-448,-432,-427,-421,-419,-413,-399,-377,-371,-368,-367,-364,-346,-339,-318,-314,-302,-290,-287,-283,-281,-280,-279,-275,-274,-268,-266,-259,-254,-246,-238,-226,-226,-210,-207,-206,-202,-187,-187,-186,-185,-178,-174,-174,-170,-169,-167,-163,-154,-151,-145,-130,-123,-121,-112,-108,-107,-97,-97,-95,-89,-84,-77,-77,-69,-63,-60,-58,-49,-44,-43,-31,-30,-26,-18,-16,-15,-13,-5},{-460,-456,-451,-449,-436,-433,-411,-400,-387,-371,-366,-346,-334,-303,-273,-255,-240,-236,-222,-211,-197,-196,-192,-179,-166,-163,-149,-146,-120,-116,-85,-71,-57,-43,-43,-41,-38,-29,-19,-19,-15,-12,-6},{-459,-269,-255,-220,-189,-150,-77,-42,-32,-26,-23},{-479,-386,-337,-161,-87},{-492,-468,-465,-455,-408,-407,-358,-336,-321,-278,-219,-217,-193,-132,-106,-99,-91,-55,-13,-12,-8},{-392,-198,-132},{-494,-488,-481,-435,-420,-379,-372,-299,-259,-248,-244,-238,-215,-212,-200,-123,-77},{-499,-491,-491,-484,-472,-467,-464,-459,-436,-431,-421,-420,-416,-393,-390,-386,-384,-363,-361,-353,-352,-351,-351,-328,-324,-324,-323,-318,-310,-300,-252,-252,-237,-232,-211,-209,-209,-204,-190,-189,-184,-175,-169,-168,-167,-166,-150,-149,-137,-131,-127,-125,-104,-89,-73,-70,-68,-66,-63,-57,-49,-46,-21,-19,-2},{-499,-488,-475,-461,-443,-441,-421,-420,-411,-408,-408,-386,-381,-351,-351,-345,-344,-342,-325,-301,-294,-264,-263,-261,-253,-245,-241,-217,-212,-205,-173,-169,-163,-141,-136,-130,-128,-126,-117,-62,-27,-11},{-474,-455,-445,-437,-409,-381,-319,-305,-282,-273,-246,-245,-225,-178,-156,-149,-119,-118,-104,-99,-59,-25},{-494,-482,-465,-426,-396,-390,-379,-368,-367,-363,-358,-341,-334,-332,-324,-323,-320,-318,-314,-307,-292,-284,-278,-267,-237,-232,-222,-218,-211,-208,-178,-176,-173,-164,-160,-160,-141,-131,-127,-114,-101,-89,-85,-80,-51,-35,-15,-9},{-493,-479,-468,-467,-462,-445,-443,-423,-421,-412,-405,-404,-402,-396,-390,-381,-378,-377,-368,-367,-357,-349,-335,-293,-292,-283,-283,-267,-257,-253,-242,-240,-226,-215,-203,-203,-201,-189,-187,-182,-169,-161,-153,-150,-141,-135,-130,-124,-112,-95,-92,-84,-46,-43,-38,-36,-32,-20,-14,-2},{-499,-496,-493,-471,-467,-461,-460,-453,-438,-424,-401,-395,-392,-369,-361,-338,-333,-319,-317,-310,-293,-292,-286,-278,-248,-246,-245,-242,-240,-198,-190,-147,-128,-127,-115,-102,-73,-35,-18,-14,-4},{-496,-492,-489,-480,-475,-454,-448,-443,-440,-435,-427,-427,-421,-420,-404,-400,-398,-392,-391,-357,-352,-350,-339,-332,-304,-291,-283,-283,-269,-265,-239,-226,-215,-212,-210,-196,-193,-192,-178,-158,-153,-146,-143,-143,-141,-122,-108,-96,-90,-87,-87,-72,-71,-67,-60,-55,-51,-27,-20,-18,-2},{-486,-443,-412,-389,-315,-241,-233,-195,-193,-173,-111,-45,-26},{-490,-489,-476,-460,-452,-437,-423,-418,-408,-400,-381,-371,-364,-357,-349,-345,-329,-325,-316,-313,-311,-310,-294,-294,-278,-263,-260,-251,-242,-234,-233,-215,-214,-199,-183,-168,-144,-128,-118,-71,-66,-43,-42,-29,-21,-11}]	{-500,-500,-500,-500,-500,-500,-500,-500,-500,-499,-499,-499,-499,-499,-499,-499,-499,-499,-498,-498,-498,-498,-498,-498,-498,-498,-498,-497,-497,-497,-497,-497,-497,-497,-497,-497,-497,-497,-497,-496,-496,-496,-496,-496,-496,-496,-496,-496,-496,-496,-496,-496,-495,-495,-495,-495,-495,-495,-495,-495,-495,-495,-494,-494,-494,-494,-494,-494,-494,-493,-493,-493,-493,-493,-493,-493,-493,-493,-493,-493,-493,-492,-492,-492,-492,-492,-492,-492,-492,-492,-491,-491,-491,-491,-491,-491,-491,-491,-491,-490,-490,-490,-490,-490,-490,-490,-490,-490,-490,-490,-490,-490,-489,-489,-489,-489,-489,-489,-489,-489,-489,-489,-488,-488,-488,-488,-488,-488,-488,-488,-488,-488,-488,-487,-487,-487,-487,-487,-487,-487,-487,-487,-487,-487,-487,-486,-486,-486,-486,-486,-486,-486,-485,-485,-485,-485,-485,-484,-484,-484,-484,-484,-484,-484,-484,-484,-483,-483,-483,-483,-483,-483,-483,-483,-483,-482,-482,-482,-482,-482,-482,-481,-481,-481,-481,-481,-481,-481,-480,-480,-480,-480,-480,-480,-480,-480,-480,-480,-480,-480,-480,-479,-479,-479,-479,-479,-479,-479,-479,-478,-478,-478,-478,-478,-478,-478,-477,-477,-477,-477,-477,-477,-477,-476,-476,-476,-476,-476,-476,-476,-476,-476,-476,-475,-475,-475,-475,-475,-475,-475,-475,-475,-475,-475,-475,-475,-475,-474,-474,-474,-474,-474,-474,-474,-474,-474,-474,-474,-474,-474,-474,-474,-474,-474,-474,-473,-473,-473,-473,-473,-473,-473,-473,-473,-472,-472,-472,-472,-472,-472,-472,-472,-472,-472,-472,-472,-471,-471,-471,-471,-471,-471,-471,-471,-471,-471,-471,-470,-470,-470,-470,-470,-470,-470,-469,-469,-469,-469,-469,-469,-469,-469,-468,-468,-468,-468,-468,-467,-467,-467,-467,-467,-467,-467,-467,-467,-467,-467,-467,-467,-466,-466,-466,-466,-466,-466,-466,-466,-466,-466,-466,-466,-466,-465,-465,-465,-465,-465,-465,-465,-465,-465,-465,-464,-464,-464,-464,-464,-464,-464,-464,-464,-464,-464,-463,-463,-463,-463,-463,-463,-463,-463,-462,-462,-462,-462,-462,-461,-461,-461,-461,-461,-461,-461,-461,-461,-461,-461,-461,-461,-460,-460,-460,-460,-460,-460,-460,-460,-460,-460,-460,-460,-460,-460,-460,-459,-459,-459,-459,-459,-459,-459,-459,-459,-459,-459,-459,-459,-459,-459,-459,-459,-458,-458,-458,-458,-458,-458,-458,-458,-457,-457,-457,-457,-457,-457,-457,-457,-457,-457,-456,-456,-456,-456,-456,-456,-456,-455,-455,-455,-455,-455,-455,-455,-455,-455,-455,-454,-454,-454,-454,-454,-454,-454,-454,-454,-453,-453,-453,-453,-453,-453,-453,-453,-453,-453,-452,-452,-452,-452,-452,-452,-452,-452,-452,-451,-451,-451,-451,-451,-451,-451,-451,-451,-451,-451,-451,-451,-451,-450,-450,-450,-450,-450,-450,-450,-450,-450,-450,-449,-449,-449,-449,-449,-449,-449,-449,-448,-448,-448,-448,-448,-448,-448,-448,-448,-448,-447,-447,-447,-447,-447,-447,-447,-447,-447,-447,-447,-446,-446,-446,-446,-446,-446,-446,-445,-445,-445,-445,-445,-445,-445,-445,-445,-445,-445,-445,-445,-445,-444,-444,-444,-444,-444,-444,-444,-444,-444,-444,-444,-444,-443,-443,-443,-443,-443,-443,-443,-443,-443,-443,-443,-442,-442,-442,-442,-442,-442,-442,-442,-442,-441,-441,-441,-441,-441,-441,-441,-441,-441,-441,-441,-441,-440,-440,-440,-440,-440,-440,-440,-440,-440,-440,-440,-440,-439,-439,-439,-439,-439,-439,-438,-438,-438,-438,-438,-438,-438,-438,-438,-438,-438,-438,-438,-438,-437,-437,-437,-437,-437,-437,-437,-437,-437,-437,-437,-437,-437,-437,-436,-436,-436,-436,-436,-436,-436,-435,-435,-435,-435,-435,-435,-435,-434,-434,-434,-434,-433,-433,-433,-433,-433,-433,-433,-433,-433,-433,-432,-432,-432,-432,-432,-432,-432,-432,-432,-432,-432,-432,-432,-432,-432,-431,-431,-431,-431,-431,-431,-431,-431,-431,-431,-431,-430,-430,-430,-430,-430,-430,-430,-430,-430,-430,-430,-429,-429,-429,-429,-429,-428,-428,-428,-428,-428,-428,-428,-428,-428,-428,-427,-427,-427,-427,-427,-427,-427,-427,-427,-427,-427,-427,-426,-426,-426,-426,-426,-426,-426,-426,-426,-426,-426,-425,-425,-425,-425,-425,-425,-425,-425,-425,-425,-425,-424,-424,-424,-424,-424,-424,-424,-424,-424,-423,-423,-423,-423,-423,-423,-423,-423,-423,-423,-423,-423,-423,-423,-423,-422,-422,-422,-422,-422,-422,-422,-421,-421,-421,-421,-421,-421,-421,-421,-421,-421,-420,-420,-420,-420,-420,-420,-420,-420,-420,-419,-419,-419,-419,-419,-419,-419,-418,-418,-418,-418,-417,-417,-417,-417,-417,-417,-416,-416,-416,-416,-416,-416,-416,-416,-416,-416,-416,-416,-416,-416,-416,-416,-416,-416,-415,-415,-415,-415,-415,-415,-415,-415,-415,-415,-414,-414,-414,-414,-414,-414,-414,-413,-413,-413,-413,-413,-413,-413,-413,-412,-412,-412,-412,-412,-412,-412,-412,-412,-412,-412,-412,-412,-412,-412,-411,-411,-411,-411,-411,-411,-411,-411,-411,-410,-410,-410,-410,-410,-410,-410,-410,-410,-410,-409,-409,-409,-409,-409,-408,-408,-408,-408,-408,-408,-408,-408,-408,-407,-407,-407,-407,-407,-407,-407,-407,-406,-406,-406,-406,-406,-406,-406,-406,-405,-405,-405,-405,-405,-405,-405,-405,-404,-404,-404,-404,-404,-404,-404,-404,-403,-403,-403,-403,-403,-402,-402,-402,-402,-402,-402,-402,-402,-402,-402,-401,-401,-401,-401,-401,-401,-401,-400,-400,-400,-400,-400,-400,-399,-399,-399,-399,-399,-399,-399,-398,-398,-398,-398,-398,-398,-398,-398,-398,-397,-397,-397,-397,-397,-397,-397,-397,-397,-396,-396,-396,-396,-396,-396,-396,-396,-396,-396,-395,-395,-395,-395,-394,-394,-394,-394,-394,-393,-393,-393,-393,-393,-393,-393,-392,-392,-392,-392,-392,-392,-392,-392,-392,-392,-392,-392,-392,-392,-391,-391,-391,-391,-391,-391,-391,-391,-390,-390,-390,-390,-390,-390,-390,-390,-389,-389,-389,-389,-389,-389,-389,-389,-388,-388,-388,-388,-388,-388,-388,-387,-387,-387,-387,-387,-387,-387,-387,-386,-386,-386,-386,-386,-386,-386,-386,-386,-386,-386,-386,-385,-385,-385,-385,-385,-385,-385,-385,-385,-385,-384,-384,-384,-384,-384,-384,-384,-384,-384,-384,-384,-384,-384,-383,-383,-383,-383,-383,-383,-383,-382,-382,-382,-382,-382,-381,-381,-381,-381,-381,-381,-381,-381,-381,-381,-381,-381,-381,-381,-381,-381,-380,-380,-380,-380,-380,-380,-380,-380,-379,-379,-379,-379,-379,-379,-379,-379,-379,-379,-379,-379,-378,-378,-378,-378,-378,-378,-378,-378,-377,-377,-377,-377,-377,-377,-377,-377,-377,-377,-377,-377,-377,-377,-376,-376,-376,-376,-376,-376,-376,-376,-375,-375,-375,-375,-375,-375,-375,-374,-374,-374,-373,-373,-373,-373,-373,-373,-373,-373,-373,-372,-372,-372,-372,-372,-372,-372,-372,-372,-372,-372,-371,-371,-371,-371,-371,-371,-371,-371,-370,-370,-370,-370,-370,-370,-370,-369,-369,-369,-369,-369,-369,-369,-369,-369,-369,-368,-368,-368,-368,-368,-368,-368,-368,-367,-367,-367,-367,-367,-367,-367,-367,-367,-366,-366,-366,-366,-366,-366,-366,-366,-366,-366,-366,-366,-365,-365,-365,-365,-365,-365,-364,-364,-364,-364,-364,-364,-364,-364,-364,-364,-364,-364,-364,-364,-363,-363,-363,-363,-363,-363,-363,-363,-363,-363,-363,-362,-362,-362,-362,-362,-362,-362,-362,-362,-362,-362,-361,-361,-361,-361,-361,-361,-361,-361,-361,-360,-360,-360,-360,-360,-360,-360,-360,-360,-360,-359,-359,-359,-359,-359,-359,-358,-358,-358,-358,-358,-358,-358,-358,-358,-358,-358,-357,-357,-357,-357,-357,-357,-357,-357,-357,-356,-356,-356,-355,-355,-355,-355,-355,-355,-355,-355,-354,-354,-354,-354,-354,-354,-354,-354,-354,-353,-353,-353,-353,-353,-353,-353,-353,-353,-352,-352,-352,-352,-352,-352,-352,-352,-352,-352,-352,-351,-351,-351,-351,-351,-351,-351,-351,-351,-351,-351,-351,-350,-350,-350,-350,-350,-350,-350,-350,-350,-349,-349,-349,-349,-349,-349,-349,-349,-349,-348,-348,-348,-348,-348,-348,-348,-348,-348,-347,-347,-347,-347,-347,-346,-346,-346,-346,-346,-346,-345,-345,-345,-345,-345,-345,-345,-345,-345,-345,-345,-344,-344,-344,-344,-344,-344,-344,-344,-344,-343,-343,-343,-343,-343,-343,-343,-342,-342,-342,-342,-342,-342,-342,-342,-342,-342,-341,-341,-341,-341,-341,-341,-341,-340,-340,-340,-340,-340,-340,-339,-339,-339,-339,-339,-339,-339,-339,-339,-338,-338,-338,-338,-338,-338,-337,-337,-337,-337,-337,-337,-337,-336,-336,-336,-336,-336,-336,-336,-336,-336,-336,-336,-335,-335,-335,-335,-335,-335,-335,-334,-334,-334,-334,-334,-334,-334,-333,-333,-333,-333,-333,-333,-333,-333,-332,-332,-332,-332,-332,-332,-332,-332,-332,-332,-332,-331,-331,-331,-331,-331,-330,-330,-330,-330,-330,-330,-330,-330,-330,-330,-329,-329,-329,-329,-329,-329,-329,-328,-328,-328,-328,-328,-327,-327,-327,-327,-327,-327,-327,-327,-327,-327,-327,-327,-327,-327,-326,-326,-326,-326,-326,-326,-326,-326,-326,-325,-325,-325,-325,-325,-325,-325,-325,-325,-324,-324,-324,-324,-324,-324,-324,-324,-324,-324,-324,-324,-324,-324,-324,-324,-323,-323,-323,-323,-323,-322,-322,-322,-322,-322,-322,-322,-322,-322,-322,-322,-322,-322,-321,-321,-321,-321,-321,-321,-321,-321,-321,-321,-320,-320,-320,-320,-320,-320,-320,-320,-320,-320,-320,-320,-320,-319,-319,-319,-319,-319,-319,-319,-319,-319,-319,-319,-318,-318,-318,-318,-318,-318,-318,-318,-318,-317,-317,-317,-317,-317,-317,-317,-317,-317,-317,-317,-316,-316,-316,-316,-316,-316,-316,-316,-316,-315,-315,-315,-315,-315,-315,-315,-315,-315,-315,-315,-315,-315,-315,-315,-315,-314,-314,-314,-314,-314,-314,-314,-314,-313,-313,-313,-313,-313,-313,-313,-313,-313,-313,-312,-312,-312,-311,-311,-311,-311,-310,-310,-310,-310,-310,-310,-310,-310,-309,-309,-309,-309,-309,-309,-309,-309,-308,-308,-308,-308,-308,-308,-308,-307,-307,-307,-307,-307,-307,-307,-306,-306,-306,-306,-306,-305,-305,-305,-305,-305,-305,-305,-305,-304,-304,-304,-304,-304,-304,-303,-303,-303,-303,-303,-303,-303,-303,-302,-302,-302,-302,-302,-302,-302,-302,-302,-302,-302,-301,-301,-301,-301,-301,-300,-300,-300,-300,-300,-300,-300,-300,-299,-299,-299,-299,-299,-299,-299,-299,-299,-299,-299,-298,-298,-298,-298,-298,-298,-298,-298,-297,-297,-297,-297,-297,-297,-296,-296,-296,-295,-295,-295,-295,-295,-295,-295,-294,-294,-294,-294,-294,-294,-294,-294,-294,-294,-293,-293,-293,-293,-293,-293,-293,-293,-293,-293,-292,-292,-292,-292,-292,-292,-292,-292,-292,-292,-292,-292,-292,-291,-291,-291,-291,-291,-291,-291,-291,-291,-290,-290,-290,-290,-290,-290,-289,-289,-289,-289,-289,-289,-289,-289,-289,-289,-289,-289,-288,-288,-288,-288,-287,-287,-287,-287,-287,-287,-287,-287,-287,-287,-287,-286,-286,-286,-286,-286,-286,-286,-286,-286,-286,-285,-285,-285,-285,-285,-285,-284,-284,-284,-284,-284,-284,-284,-284,-283,-283,-283,-283,-283,-283,-283,-283,-283,-283,-283,-283,-283,-282,-282,-282,-282,-282,-282,-282,-282,-282,-282,-281,-281,-281,-281,-281,-281,-281,-281,-281,-281,-281,-281,-280,-280,-280,-280,-280,-280,-280,-280,-280,-280,-280,-279,-279,-279,-279,-279,-278,-278,-278,-278,-278,-278,-278,-278,-278,-278,-278,-277,-277,-277,-277,-277,-277,-277,-276,-276,-276,-276,-276,-276,-275,-275,-275,-275,-275,-274,-274,-274,-274,-274,-274,-274,-274,-274,-274,-274,-274,-274,-274,-273,-273,-273,-273,-273,-273,-273,-273,-273,-273,-273,-272,-272,-272,-272,-272,-272,-272,-272,-272,-271,-271,-271,-271,-271,-271,-271,-271,-271,-271,-270,-270,-270,-270,-270,-270,-270,-269,-269,-269,-269,-269,-269,-269,-269,-269,-269,-268,-268,-268,-268,-268,-268,-268,-267,-267,-267,-267,-267,-267,-267,-267,-267,-267,-266,-266,-266,-266,-266,-266,-266,-266,-266,-266,-265,-265,-265,-265,-264,-264,-264,-264,-264,-264,-264,-264,-264,-264,-264,-264,-264,-263,-263,-263,-263,-263,-263,-263,-263,-263,-263,-263,-263,-263,-263,-262,-262,-262,-262,-262,-262,-262,-262,-262,-262,-261,-261,-261,-261,-261,-260,-260,-260,-260,-260,-260,-260,-260,-259,-259,-259,-259,-259,-259,-258,-258,-258,-258,-258,-258,-258,-258,-257,-257,-257,-257,-257,-257,-257,-257,-257,-257,-257,-257,-257,-256,-256,-256,-256,-256,-256,-255,-255,-255,-255,-255,-255,-255,-255,-255,-254,-254,-254,-254,-254,-254,-254,-254,-254,-253,-253,-253,-253,-253,-253,-253,-253,-252,-252,-252,-252,-252,-252,-252,-252,-252,-251,-251,-251,-251,-251,-251,-251,-250,-250,-250,-250,-250,-250,-250,-250,-250,-249,-249,-249,-249,-249,-249,-248,-248,-248,-248,-248,-248,-247,-247,-247,-247,-247,-247,-247,-247,-246,-246,-246,-246,-246,-246,-246,-246,-246,-246,-246,-246,-246,-246,-245,-245,-245,-245,-245,-245,-245,-245,-245,-244,-244,-244,-244,-244,-244,-244,-244,-243,-243,-243,-243,-243,-243,-242,-242,-242,-242,-242,-242,-242,-242,-242,-242,-241,-241,-241,-241,-241,-241,-241,-241,-241,-241,-240,-240,-240,-240,-240,-240,-240,-240,-239,-239,-239,-239,-239,-239,-239,-239,-238,-238,-238,-238,-238,-238,-238,-238,-238,-238,-237,-237,-237,-237,-237,-237,-237,-237,-237,-236,-236,-236,-236,-236,-236,-236,-236,-236,-236,-236,-236,-236,-236,-236,-236,-235,-235,-235,-235,-235,-235,-234,-234,-234,-234,-234,-234,-234,-233,-233,-233,-233,-233,-233,-233,-233,-233,-233,-233,-233,-232,-232,-232,-232,-232,-232,-232,-231,-231,-231,-231,-230,-230,-230,-230,-230,-230,-230,-230,-230,-230,-229,-229,-229,-229,-229,-229,-229,-229,-229,-228,-228,-228,-228,-228,-228,-228,-228,-228,-227,-227,-227,-227,-227,-227,-227,-227,-226,-226,-226,-226,-226,-226,-226,-226,-226,-225,-225,-225,-225,-225,-225,-225,-225,-225,-225,-225,-224,-224,-224,-224,-224,-224,-224,-224,-224,-224,-224,-224,-223,-223,-223,-223,-223,-223,-223,-223,-223,-223,-223,-223,-223,-223,-223,-223,-222,-222,-222,-222,-222,-222,-222,-222,-222,-222,-222,-222,-221,-221,-221,-221,-221,-221,-221,-221,-221,-221,-221,-220,-220,-220,-220,-220,-220,-220,-220,-220,-220,-220,-220,-220,-220,-219,-219,-219,-219,-219,-219,-219,-219,-219,-219,-219,-219,-218,-218,-218,-218,-218,-218,-218,-218,-218,-217,-217,-217,-217,-217,-217,-217,-216,-216,-216,-216,-216,-216,-216,-216,-216,-216,-215,-215,-215,-215,-215,-215,-215,-215,-215,-215,-215,-215,-214,-214,-214,-214,-213,-213,-213,-213,-213,-212,-212,-212,-212,-212,-212,-212,-212,-212,-212,-211,-211,-211,-211,-211,-211,-211,-211,-211,-211,-211,-211,-210,-210,-210,-210,-210,-210,-210,-210,-210,-210,-210,-210,-209,-209,-209,-209,-209,-209,-209,-209,-209,-209,-209,-208,-208,-208,-208,-208,-208,-208,-208,-208,-208,-207,-207,-207,-207,-207,-207,-207,-206,-206,-206,-206,-206,-206,-206,-206,-205,-205,-205,-205,-205,-205,-205,-205,-205,-205,-205,-204,-204,-204,-204,-204,-204,-204,-204,-204,-204,-204,-204,-204,-204,-203,-203,-203,-203,-203,-203,-203,-203,-203,-203,-203,-203,-203,-203,-203,-203,-202,-202,-202,-201,-201,-201,-201,-201,-201,-200,-200,-200,-200,-200,-200,-200,-199,-199,-199,-199,-199,-199,-199,-199,-199,-199,-199,-198,-198,-198,-198,-198,-198,-198,-198,-198,-198,-198,-198,-198,-197,-197,-197,-197,-197,-197,-197,-197,-197,-197,-197,-197,-197,-197,-197,-197,-197,-196,-196,-196,-196,-196,-196,-196,-196,-196,-196,-196,-196,-196,-196,-196,-196,-195,-195,-195,-195,-195,-195,-195,-195,-195,-195,-195,-195,-194,-194,-193,-193,-193,-193,-193,-193,-193,-193,-193,-193,-192,-192,-192,-192,-192,-192,-192,-192,-192,-192,-192,-192,-192,-192,-192,-191,-191,-191,-191,-191,-191,-191,-190,-190,-190,-190,-190,-190,-190,-190,-190,-190,-190,-189,-189,-189,-189,-189,-189,-189,-189,-188,-188,-188,-188,-188,-188,-188,-188,-188,-188,-188,-188,-187,-187,-187,-187,-187,-187,-187,-187,-187,-187,-187,-186,-186,-186,-186,-186,-186,-186,-186,-186,-186,-186,-185,-185,-185,-185,-185,-185,-185,-185,-185,-185,-185,-185,-184,-184,-184,-184,-184,-184,-184,-184,-184,-184,-184,-183,-183,-183,-183,-183,-183,-183,-183,-182,-182,-182,-182,-182,-182,-182,-182,-182,-182,-182,-182,-182,-182,-181,-181,-181,-181,-181,-180,-180,-180,-180,-180,-180,-179,-179,-179,-179,-179,-179,-179,-179,-179,-179,-179,-179,-178,-178,-178,-178,-178,-178,-178,-178,-178,-178,-178,-178,-178,-178,-178,-177,-177,-177,-177,-177,-177,-177,-177,-177,-177,-177,-177,-176,-176,-176,-176,-176,-176,-176,-176,-176,-176,-176,-175,-175,-175,-175,-175,-175,-175,-175,-175,-174,-174,-174,-174,-174,-174,-174,-173,-173,-173,-173,-173,-173,-173,-173,-173,-173,-173,-173,-172,-172,-172,-172,-172,-172,-172,-172,-172,-172,-171,-171,-171,-171,-170,-170,-170,-170,-170,-170,-169,-169,-169,-169,-169,-169,-169,-169,-169,-169,-169,-169,-169,-169,-169,-168,-168,-168,-168,-168,-168,-168,-168,-168,-168,-168,-168,-168,-167,-167,-167,-167,-167,-167,-167,-167,-167,-167,-167,-167,-167,-167,-166,-166,-166,-166,-166,-166,-166,-166,-166,-166,-166,-166,-166,-166,-166,-166,-166,-166,-165,-165,-165,-165,-165,-165,-164,-164,-164,-164,-164,-164,-164,-164,-164,-164,-164,-164,-164,-164,-164,-163,-163,-163,-163,-163,-163,-163,-163,-163,-163,-163,-162,-162,-162,-162,-162,-162,-162,-161,-161,-161,-161,-161,-161,-161,-161,-161,-161,-161,-160,-160,-160,-160,-160,-160,-160,-160,-160,-160,-160,-160,-160,-160,-159,-159,-159,-159,-159,-159,-158,-158,-158,-158,-158,-158,-158,-158,-157,-157,-157,-157,-157,-157,-157,-157,-157,-156,-156,-156,-156,-156,-156,-156,-156,-156,-156,-156,-156,-156,-155,-155,-155,-155,-155,-155,-155,-155,-155,-155,-155,-154,-154,-154,-154,-154,-154,-154,-154,-154,-154,-153,-153,-153,-153,-153,-153,-153,-153,-152,-152,-152,-152,-152,-152,-152,-152,-152,-152,-152,-152,-152,-152,-151,-151,-151,-151,-151,-151,-151,-151,-151,-151,-151,-151,-150,-150,-150,-150,-150,-150,-150,-150,-150,-150,-150,-150,-150,-150,-150,-149,-149,-149,-149,-149,-149,-149,-149,-149,-149,-149,-149,-149,-149,-149,-148,-148,-148,-148,-148,-148,-148,-148,-148,-148,-148,-147,-147,-146,-146,-146,-146,-146,-146,-146,-146,-146,-146,-145,-145,-145,-145,-145,-145,-145,-145,-145,-145,-145,-145,-144,-144,-144,-144,-144,-144,-144,-144,-144,-144,-144,-143,-143,-143,-143,-143,-143,-143,-143,-143,-143,-143,-142,-142,-142,-142,-142,-142,-142,-142,-142,-142,-142,-141,-141,-141,-141,-141,-141,-141,-141,-141,-141,-141,-140,-140,-140,-140,-140,-140,-140,-140,-140,-139,-139,-139,-139,-139,-139,-139,-139,-139,-139,-139,-139,-138,-138,-138,-138,-138,-138,-138,-138,-137,-137,-137,-137,-137,-137,-137,-137,-137,-137,-137,-137,-137,-136,-136,-136,-136,-136,-136,-136,-136,-135,-135,-135,-135,-135,-135,-135,-135,-135,-135,-134,-134,-134,-134,-134,-134,-134,-134,-134,-134,-134,-134,-134,-134,-134,-133,-133,-133,-133,-133,-133,-132,-132,-132,-132,-132,-132,-132,-132,-132,-132,-132,-131,-131,-131,-131,-131,-131,-131,-131,-131,-130,-130,-130,-130,-130,-130,-130,-130,-130,-130,-130,-130,-130,-130,-130,-129,-129,-129,-129,-129,-129,-129,-129,-129,-129,-129,-129,-129,-128,-128,-128,-128,-128,-128,-128,-128,-128,-128,-128,-128,-127,-127,-127,-127,-127,-127,-127,-127,-127,-127,-127,-127,-127,-126,-126,-126,-126,-126,-126,-126,-126,-125,-125,-125,-125,-125,-124,-124,-124,-124,-124,-124,-123,-123,-123,-123,-123,-123,-123,-123,-123,-123,-122,-122,-122,-122,-122,-122,-121,-121,-121,-121,-121,-121,-121,-121,-121,-121,-121,-120,-120,-120,-120,-120,-120,-120,-119,-119,-119,-119,-119,-119,-119,-119,-119,-119,-119,-119,-119,-119,-119,-118,-118,-118,-118,-117,-117,-117,-117,-117,-117,-116,-116,-116,-116,-116,-116,-116,-116,-116,-116,-116,-115,-115,-115,-115,-115,-115,-115,-115,-114,-114,-114,-113,-113,-113,-113,-113,-113,-113,-113,-113,-113,-113,-113,-112,-112,-112,-112,-112,-112,-112,-112,-112,-112,-112,-111,-111,-111,-111,-110,-110,-110,-110,-110,-110,-110,-110,-110,-110,-110,-109,-109,-109,-108,-108,-108,-108,-108,-108,-108,-108,-108,-108,-108,-108,-108,-108,-107,-107,-107,-107,-107,-107,-107,-107,-106,-106,-106,-106,-106,-105,-105,-105,-104,-104,-104,-104,-104,-104,-104,-104,-104,-104,-104,-103,-103,-103,-103,-103,-103,-103,-103,-103,-103,-102,-102,-102,-102,-102,-102,-102,-102,-102,-102,-102,-102,-101,-101,-101,-101,-101,-101,-101,-101,-101,-101,-100,-100,-100,-100,-100,-99,-99,-99,-99,-99,-99,-99,-99,-99,-99,-99,-98,-98,-98,-98,-98,-97,-97,-97,-97,-97,-97,-97,-97,-97,-97,-96,-96,-96,-96,-96,-96,-96,-96,-96,-96,-96,-95,-95,-95,-95,-95,-95,-95,-95,-95,-95,-95,-95,-94,-94,-94,-93,-93,-93,-92,-92,-92,-92,-92,-92,-92,-92,-92,-92,-92,-91,-91,-91,-91,-91,-91,-91,-91,-91,-91,-90,-90,-90,-90,-90,-90,-90,-90,-90,-90,-90,-89,-89,-89,-89,-89,-89,-89,-89,-89,-89,-89,-89,-89,-89,-88,-88,-88,-88,-88,-88,-88,-88,-87,-87,-87,-87,-87,-87,-87,-87,-87,-87,-87,-87,-87,-87,-86,-86,-86,-86,-86,-86,-86,-86,-86,-85,-85,-85,-85,-85,-85,-85,-85,-85,-85,-85,-85,-85,-85,-84,-84,-84,-84,-84,-84,-84,-84,-84,-84,-84,-83,-83,-83,-83,-83,-83,-83,-83,-82,-82,-82,-82,-82,-82,-82,-82,-82,-82,-82,-82,-81,-81,-81,-81,-81,-81,-81,-80,-80,-80,-80,-80,-80,-80,-80,-80,-80,-79,-79,-79,-79,-79,-79,-79,-79,-79,-79,-78,-78,-78,-78,-77,-77,-77,-77,-77,-77,-77,-77,-77,-76,-76,-76,-76,-76,-76,-76,-76,-76,-75,-75,-75,-75,-75,-75,-75,-75,-75,-75,-75,-74,-74,-74,-74,-74,-74,-74,-73,-73,-73,-73,-73,-73,-73,-73,-73,-73,-72,-72,-72,-72,-72,-72,-72,-72,-71,-71,-71,-71,-71,-71,-71,-71,-71,-71,-71,-70,-70,-70,-70,-70,-70,-70,-70,-70,-70,-70,-69,-69,-69,-69,-69,-69,-69,-69,-68,-68,-68,-68,-68,-68,-68,-68,-68,-68,-67,-67,-67,-67,-67,-67,-67,-67,-67,-66,-66,-66,-66,-66,-66,-66,-66,-66,-66,-65,-65,-65,-65,-65,-65,-65,-65,-65,-65,-64,-64,-64,-64,-64,-63,-63,-63,-63,-63,-63,-63,-63,-63,-63,-63,-62,-62,-62,-62,-62,-62,-62,-62,-61,-61,-61,-61,-61,-61,-61,-61,-60,-60,-60,-60,-60,-60,-60,-60,-59,-59,-59,-59,-59,-59,-59,-59,-59,-59,-59,-58,-58,-58,-58,-58,-58,-57,-57,-57,-57,-57,-57,-57,-57,-57,-57,-57,-57,-56,-56,-56,-56,-56,-56,-56,-56,-56,-56,-55,-55,-55,-55,-55,-55,-55,-55,-55,-55,-55,-55,-55,-54,-54,-54,-54,-54,-54,-54,-54,-54,-53,-53,-53,-53,-53,-53,-53,-53,-53,-53,-52,-52,-52,-52,-52,-52,-51,-51,-51,-51,-51,-50,-50,-50,-50,-50,-50,-50,-50,-50,-50,-50,-49,-49,-49,-49,-49,-49,-49,-49,-48,-48,-48,-48,-48,-48,-48,-48,-48,-47,-47,-47,-47,-47,-47,-47,-47,-47,-47,-47,-46,-46,-46,-46,-46,-46,-46,-46,-46,-46,-46,-45,-45,-45,-45,-45,-45,-45,-45,-45,-45,-44,-44,-44,-44,-44,-44,-44,-44,-44,-43,-43,-43,-43,-43,-43,-43,-43,-43,-43,-43,-43,-43,-43,-43,-43,-43,-43,-43,-43,-42,-42,-42,-42,-42,-42,-42,-42,-42,-42,-41,-41,-41,-41,-41,-41,-41,-40,-40,-40,-40,-40,-40,-40,-40,-39,-39,-39,-39,-39,-39,-39,-39,-38,-38,-38,-38,-38,-38,-38,-38,-37,-37,-37,-37,-37,-37,-37,-37,-37,-36,-36,-36,-36,-35,-35,-35,-35,-35,-35,-35,-35,-35,-35,-35,-35,-34,-34,-34,-34,-34,-34,-34,-34,-33,-33,-33,-33,-33,-33,-33,-33,-33,-33,-33,-33,-33,-32,-32,-32,-32,-32,-32,-32,-32,-32,-32,-32,-31,-31,-31,-31,-31,-31,-31,-31,-31,-31,-31,-31,-31,-31,-30,-30,-30,-30,-30,-30,-30,-30,-30,-30,-30,-30,-29,-29,-29,-29,-29,-29,-29,-29,-29,-28,-28,-28,-28,-28,-28,-28,-28,-28,-28,-27,-27,-27,-27,-27,-27,-27,-27,-27,-27,-27,-26,-26,-26,-26,-26,-26,-26,-26,-26,-26,-26,-26,-26,-26,-25,-25,-25,-25,-25,-25,-24,-24,-24,-24,-24,-24,-24,-24,-23,-23,-23,-23,-23,-23,-23,-23,-22,-22,-22,-22,-22,-22,-22,-22,-22,-22,-21,-21,-21,-21,-21,-21,-21,-20,-20,-20,-20,-20,-20,-20,-20,-20,-19,-19,-19,-19,-19,-19,-19,-19,-19,-19,-19,-18,-18,-18,-18,-18,-18,-18,-18,-18,-18,-18,-18,-17,-17,-17,-17,-17,-17,-17,-17,-17,-16,-16,-16,-16,-16,-16,-16,-16,-16,-16,-16,-15,-15,-15,-15,-15,-15,-15,-15,-15,-15,-15,-14,-14,-14,-14,-14,-14,-14,-14,-14,-13,-13,-13,-13,-13,-13,-13,-13,-13,-12,-12,-12,-12,-12,-12,-12,-12,-12,-11,-11,-11,-11,-11,-11,-11,-11,-11,-11,-11,-11,-11,-10,-10,-10,-10,-10,-10,-10,-10,-10,-10,-10,-10,-10,-10,-10,-9,-9,-9,-9,-9,-9,-9,-9,-9,-9,-8,-8,-8,-8,-8,-7,-7,-7,-7,-7,-7,-7,-6,-6,-6,-6,-6,-6,-6,-6,-6,-6,-6,-6,-5,-5,-5,-5,-5,-5,-5,-5,-5,-4,-4,-4,-4,-4,-4,-3,-3,-3,-3,-3,-3,-3,-3,-3,-3,-3,-3,-2,-2,-2,-2,-2,-2,-2,-2,-2,-2,-2,-2,-1,-1,-1,-1,-1,-1}	
[{-4999,-4982,-4978,-4974,-4964,-4960,-4952,-4924,-4890,-4883,-4860,-4855,-4854,-4836,-4819,-4814,-4812,-4803,-4768,-4729,-4721,-4711,-4685,-4643,-4627,-4624,-4617,-4617,-4611,-4608,-4601,-4600,-4594,-4547,-4543,-4539,-4484,-4427,-4426,-4412,-4412,-4379,-4374,-4371,-4365,-4352,-4337,-4318,-4311,-4285,-4274,-4261,-4250,-4245,-4242,-4223,-4197,-4193,-4167,-4153,-4146,-4134,-4133,-4119,-4090,-4089,-4071,-4070,-4067,-4056,-4054,-4016,-4015,-3988,-3987,-3977,-3967,-3963,-3940,-3935,-3931,-3926,-3914,-3912,-3903,-3902,-3901,-3895,-3886,-3884,-3870,-3862,-3858,-3851,-3814,-3809,-3807,-3807,-3788,-3787,-3786,-3783,-3779,-3763,-3762,-3749,-3720,-3672,-3657,-3642,-3637,-3617,-3609,-3593,-3582,-3572,-3559,-3555,-3547,-3538,-3530,-3509,-3507,-3473,-3460,-3454,-3454,-3453,-3453,-3452,-3428,-3413,-3403,-3398,-3367,-3363,-3352,-3351,-3349,-3345,-3338,-3333,-3325,-3318,-3301,-3291,-3269,-3269,-3262,-3256,-3232,-3222,-3222,-3215,-3187,-3186,-3159,-3140,-3127,-3116,-3092,-3077,-3054,-3050,-3047,-3039,-3024,-3000,-2996,-2990,-2989,-2975,-2972,-2965,-2954,-2925,-2898,-2897,-2896,-2892,-2891,-2881,-2880,-2879,-2863,-2855,-2842,-2809,-2788,-2776,-2775,-2773,-2770,-2763,-2762,-2739,-2735,-2718,-2684,-2680,-2649,-2643,-2641,-2603,-2601,-2573,-2570,-2565,-2564,-2540,-2538,-2532,-2531,-2521,-2521,-2512,-2511,-2504,-2494,-2494,-2487,-2485,-2451,-2439,-2423,-2406,-2402,-2373,-2372,-2345,-2343,-2333,-2319,-2314,-2300,-2279,-2276,-2245,-2239,-2193,-2184,-2182,-2169,-2165,-2150,-2148,-2120,-2114,-2112,-2082,-2072,-2067,-2050,-2044,-2022,-2016,-2008,-2008,-1989,-1987,-1975,-1972,-1970,-1954,-1938,-1930,-1926,-1925,-1904,-1903,-1886,-1885,-1885,-1879,-1869,-1805,-1789,-1766,-1738,-1719,-1708,-1708,-1697,-1686,-1681,-1664,-1634,-1629,-1613,-1586,-1577,-1547,-1538,-1505,-1444,-1352,-1351,-1339,-1332,-1327,-1299,-1283,-1282,-1282,-1273,-1265,-1243,-1239,-1199,-1199,-1177,-1146,-1144,-1143,-1140,-1128,-1119,-1069,-1066,-1054,-1054,-1038,-1029,-1023,-995,-993,-993,-976,-972,-955,-948,-948,-912,-902,-895,-892,-891,-885,-876,-874,-864,-858,-843,-817,-815,-814,-811,-805,-802,-800,-768,-753,-739,-728,-715,-695,-688,-676,-641,-637,-631,-625,-618,-616,-594,-592,-577,-575,-570,-559,-556,-542,-510,-510,-505,-504,-472,-468,-440,-432,-430,-418,-397,-378,-371,-365,-354,-347,-345,-339,-331,-308,-301,-287,-279,-276,-266,-265,-263,-233,-220,-216,-184,-176,-160,-159,-154,-145,-138,-135,-134,-127,-83,-37,-18,-6,-1},{-4963,-4908,-4869,-4830,-4798,-4793,-4735,-4730,-4712,-4710,-4661,-4608,-4497,-4495,-4421,-4383,-4322,-4320,-4238,-4195,-4192,-4188,-4105,-4020,-4012,-3922,-3886,-3868,-3847,-3839,-3807,-3805,-3793,-3784,-3755,-3752,-3695,-3681,-3602,-3589,-3585,-3569,-3521,-3454,-3452,-3406,-3310,-3300,-3296,-3224,-3190,-3188,-3168,-3162,-3141,-3134,-3045,-3042,-3020,-2918,-2856,-2814,-2777,-2772,-2762,-2733,-2724,-2679,-2626,-2503,-2447,-2439,-2369,-2361,-2282,-2232,-2232,-2219,-2173,-2159,-2146,-2133,-2133,-2093,-2089,-2087,-2019,-1943,-1882,-1871,-1869,-1826,-1820,-1753,-1700,-1678,-1659,-1622,-1546,-1520,-1498,-1475,-1472,-1443,-1375,-1228,-1217,-1188,-1165,-1061,-1013,-979,-942,-924,-903,-835,-736,-710,-679,-656,-645,-612,-609,-603,-581,-565,-545,-520,-506,-461,-447,-386,-374,-317,-297,-99,-64,-45,-35,-28},{-4997,-4971,-4966,-4959,-4949,-4940,-4895,-4823,-4792,-4781,-4756,-4745,-4698,-4690,-4657,-4618,-4598,-4511,-4482,-4481,-4456,-4453,-4446,-4446,-4441,-4419,-4405,-4381,-4375,-4354,-4325,-4317,-4300,-4265,-4261,-4258,-4193,-4185,-4183,-4162,-4153,-4143,-4118,-4117,-4102,-4091,-4088,-4085,-4079,-4044,-4038,-3996,-3985,-3957,-3950,-3890,-3888,-3885,-3826,-3822,-3819,-3816,-3814,-3812,-3805,-3801,-3789,-3746,-3711,-3645,-3644,-3636,-3622,-3619,-3614,-3605,-3559,-3543,-3522,-3483,-3446,-3426,-3422,-3407,-3397,-3396,-3364,-3316,-3295,-3271,-3270,-3245,-3228,-3215,-3197,-3164,-3163,-3161,-3082,-3070,-3060,-3043,-3028,-3006,-2997,-2972,-2947,-2942,-2842,-2838,-2802,-2779,-2752,-2726,-2705,-2655,-2652,-2647,-2576,-2530,-2512,-2510,-2454,-2390,-2350,-2311,-2210,-2202,-2199,-2163,-2114,-2113,-2098,-2084,-2083,-2072,-2042,-2035,-2032,-1993,-1975,-1971,-1952,-1921,-1916,-1873,-1859,-1855,-1853,-1849,-1845,-1829,-1829,-1808,-1792,-1791,-1781,-1771,-1757,-1715,-1637,-1628,-1617,-1606,-1600,-1566,-1552,-1540,-1540,-1538,-1528,-1524,-1515,-1512,-1462,-1406,-1400,-1396,-1356,-1328,-1313,-1269,-1173,-1167,-1108,-1100,-1046,-1044,-1041,-1016,-1011,-1011,-986,-954,-921,-832,-829,-812,-796,-792,-789,-783,-737,-691,-679,-676,-661,-631,-590,-588,-581,-511,-501,-460,-441,-428,-380,-373,-352,-343,-331,-313,-312,-304,-269,-239,-188,-164,-139,-137,-134,-125,-121,-101,-97,-75,-25,-6},{-5000,-4995,-4977,-4973,-4968,-4961,-4956,-4904,-4897,-4894,-4879,-4870,-4857,-4856,-4852,-4839,-4829,-4827,-4820,-4816,-4811,-4806,-4803,-4802,-4786,-4785,-4783,-4769,-4761,-4737,-4696,-4677,-4673,-4672,-4663,-4656,-4634,-4611,-4609,-4606,-4586,-4582,-4568,-4558,-4544,-4538,-4538,-4518,-4507,-4503,-4482,-4458,-4451,-4441,-4439,-4429,-4429,-4428,-4419,-4406,-4397,-4378,-4378,-4374,-4371,-4366,-4359,-4339,-4327,-4325,-4320,-4275,-4268,-4265,-4247,-4243,-4240,-4238,-4225,-4216,-4213,-4211,-4198,-4193,-4189,-4180,-4177,-4136,-4099,-4087,-4064,-4060,-4040,-4025,-4017,-4009,-4004,-3999,-3988,-3984,-3983,-3974,-3973,-3964,-3959,-3946,-3943,-3934,-3932,-3929,-3901,-3900,-3895,-3889,-3879,-3877,-3875,-3867,-3857,-3838,-3811,-3811,-3803,-3802,-3795,-3787,-3775,-3741,-3733,-3725,-3713,-3713,-3704,-3703,-3692,-3681,-3668,-3650,-3635,-3630,-3618,-3616,-3606,-3604,-3559,-3556,-3549,-3534,-3528,-3524,-3521,-3519,-3505,-3502,-3501,-3495,-3485,-3470,-3468,-3456,-3455,-3438,-3420,-3417,-3414,-3409,-3395,-3387,-3381,-3369,-3365,-3362,-3358,-3310,-3306,-3298,-3290,-3278,-3261,-3258,-3256,-3246,-3237,-3222,-3181,-3163,-3142,-3130,-3127,-3124,-3121,-3113,-3062,-3050,-3045,-3039,-3038,-3019,-3007,-3000,-2998,-2998,-2965,-2965,-2963,-2957,-2923,-2922,-2906,-2892,-2890,-2883,-2881,-2870,-2858,-2832,-2804,-2799,-2792,-2788,-2775,-2770,-2765,-2760,-2752,-2745,-2721,-2717,-2714,-2710,-2709,-2702,-2690,-2686,-2684,-2683,-2678,-2675,-2664,-2656,-2651,-2607,-2601,-2595,-2585,-2570,-2567,-2558,-2558,-2553,-2538,-2526,-2523,-2523,-2513,-2513,-2500,-2491,-2482,-2469,-2466,-2466,-2441,-2439,-2434,-2398,-2390,-2368,-2363,-2348,-2317,-2315,-2312,-2310,-2309,-2305,-2303,-2298,-2289,-2257,-2248,-2222,-2217,-2210,-2203,-2196,-2194,-2188,-2186,-2165,-2144,-2134,-2095,-2086,-2085,-2082,-2075,-2073,-2062,-2061,-2053,-2045,-2035,-1999,-1989,-1973,-1964,-1954,-1951,-1930,-1916,-1911,-1910,-1906,-1906,-1903,-1892,-1872,-1867,-1863,-1843,-1840,-1824,-1804,-1778,-1775,-1760,-1751,-1694,-1679,-1646,-1595,-1574,-1562,-1547,-1543,-1541,-1531,-1523,-1521,-1512,-1508,-1491,-1483,-1481,-1477,-1475,-1474,-1452,-1426,-1418,-1410,-1391,-1388,-1375,-1369,-1355,-1343,-1321,-1301,-1298,-1279,-1268,-1264,-1262,-1242,-1241,-1225,-1223,-1220,-1206,-1205,-1203,-1202,-1187,-1164,-1131,-1115,-1114,-1112,-1109,-1108,-1107,-1103,-1101,-1081,-1078,-1077,-1074,-1066,-1065,-1042,-1015,-1008,-1005,-973,-972,-966,-951,-945,-938,-924,-903,-896,-885,-885,-880,-875,-870,-837,-831,-811,-807,-789,-756,-742,-742,-716,-713,-701,-700,-687,-677,-671,-651,-651,-646,-642,-619,-614,-612,-611,-610,-598,-597,-594,-587,-578,-575,-550,-541,-540,-530,-504,-479,-441,-438,-436,-431,-419,-400,-389,-367,-364,-358,-354,-354,-352,-340,-335,-322,-321,-320,-310,-301,-290,-284,-274,-272,-262,-242,-232,-226,-221,-196,-194,-193,-191,-170,-164,-143,-129,-127,-120,-112,-98,-93,-87,-83,-80,-60,-53,-50,-49,-18,-17,-10,-5,-5},{-5000,-4999,-4964,-4961,-4931,-4926,-4920,-4896,-4865,-4847,-4847,-4846,-4838,-4827,-4815,-4808,-4800,-4798,-4793,-4764,-4717,-4710,-4699,-4686,-4665,-4648,-4645,-4636,-4632,-4620,-4617,-4606,-4589,-4577,-4554,-4539,-4518,-4504,-4504,-4502,-4500,-4477,-4458,-4424,-4418,-4417,-4361,-4323,-4314,-4311,-4283,-4260,-4242,-4241,-4236,-4234,-4205,-4184,-4170,-4149,-4140,-4128,-4127,-4124,-4123,-4121,-4095,-4088,-4055,-4050,-4048,-4021,-4020,-4012,-4001,-3982,-3976,-3973,-3973,-3949,-3939,-3886,-3863,-3860,-3857,-3823,-3817,-3812,-3809,-3808,-3802,-3793,-3767,-3759,-3752,-3728,-3718,-3709,-3709,-3708,-3707,-3687,-3683,-3660,-3650,-3644,-3620,-3613,-3613,-3583,-3544,-3502,-3498,-3490,-3478,-3473,-3460,-3449,-3427,-3411,-3409,-3406,-3396,-3394,-3385,-3383,-3325,-3321,-3299,-3296,-3284,-3280,-3265,-3247,-3224,-3208,-3203,-3197,-3129,-3114,-3102,-3093,-3087,-3075,-3072,-3062,-3053,-3030,-2988,-2981,-2952,-2940,-2927,-2892,-2882,-2870,-2867,-2840,-2833,-2793,-2771,-2757,-2747,-2732,-2697,-2689,-2679,-2676,-2666,-2661,-2653,-2648,-2600,-2595,-2561,-2553,-2535,-2531,-2530,-2490,-2489,-2484,-2482,-2475,-2470,-2447,-2441,-2437,-2371,-2352,-2341,-2331,-2321,-2311,-2280,-2277,-2270,-2259,-2178,-2159,-2154,-2124,-2095,-2082,-2071,-2070,-2064,-2044,-2037,-2025,-2022,-1988,-1984,-1983,-1969,-1963,-1956,-1951,-1935,-1915,-1908,-1874,-1860,-1842,-1829,-1818,-1788,-1780,-1757,-1753,-1743,-1732,-1725,-1714,-1712,-1707,-1697,-1669,-1658,-1655,-1646,-1645,-1634,-1614,-1610,-1593,-1593,-1582,-1561,-1559,-1554,-1550,-1534,-1527,-1527,-1487,-1478,-1429,-1424,-1396,-1390,-1387,-1378,-1372,-1368,-1349,-1346,-1323,-1322,-1314,-1299,-1290,-1263,-1255,-1254,-1232,-1228,-1224,-1211,-1207,-1199,-1163,-1163,-1160,-1118,-1112,-1109,-1092,-1060,-1055,-1054,-1042,-1008,-1002,-974,-958,-946,-941,-938,-924,-913,-898,-881,-875,-873,-852,-842,-841,-841,-841,-837,-828,-820,-819,-807,-795,-784,-780,-768,-765,-764,-749,-732,-730,-724,-716,-706,-675,-673,-663,-655,-639,-639,-631,-615,-597,-589,-575,-536,-533,-530,-530,-505,-483,-469,-464,-455,-440,-436,-429,-428,-425,-424,-416,-414,-408,-397,-394,-389,-389,-389,-367,-365,-360,-353,-349,-344,-344,-326,-291,-258,-258,-235,-234,-227,-214,-200,-190,-188,-187,-178,-167,-163,-158,-144,-109,-103,-101,-65,-49,-49,-36,-28},{-5000,-4995,-4984,-4976,-4970,-4963,-4961,-4961,-4947,-4910,-4891,-4882,-4880,-4879,-4876,-4869,-4848,-4843,-4830,-4827,-4799,-4787,-4766,-4732,-4731,-4730,-4726,-4699,-4695,-4685,-4656,-4640,-4613,-4611,-4591,-4580,-4572,-4571,-4563,-4543,-4542,-4485,-4479,-4475,-4427,-4415,-4405,-4402,-4395,-4371,-4353,-4347,-4342,-4314,-4313,-4285,-4269,-4266,-4233,-4231,-4216,-4201,-4175,-4165,-4151,-4148,-4125,-4124,-4112,-4100,-4082,-4071,-4061,-4060,-4053,-4008,-4006,-4004,-3992,-3988,-3963,-3961,-3931,-3928,-3917,-3906,-3897,-3877,-3874,-3873,-3865,-3824,-3808,-3799,-3768,-3766,-3762,-3759,-3750,-3744,-3734,-3733,-3714,-3680,-3667,-3664,-3628,-3608,-3590,-3590,-3581,-3563,-3550,-3541,-3507,-3503,-3486,-3482,-3479,-3479,-3429,-3423,-3419,-3405,-3402,-3371,-3352,-3343,-3331,-3320,-3297,-3283,-3281,-3266,-3252,-3228,-3219,-3212,-3163,-3160,-3146,-3138,-3119,-3114,-3102,-3092,-3083,-3080,-3079,-3075,-3067,-3060,-3057,-3045,-3038,-3037,-3033,-3027,-3006,-3000,-2984,-2982,-2941,-2916,-2889,-2883,-2882,-2878,-2875,-2857,-2815,-2813,-2796,-2753,-2750,-2731,-2721,-2693,-2679,-2669,-2640,-2625,-2616,-2608,-2600,-2589,-2581,-2572,-2569,-2505,-2502,-2501,-2497,-2489,-2481,-2468,-2464,-2462,-2461,-2453,-2448,-2447,-2422,-2422,-2421,-2411,-2407,-2398,-2391,-2367,-2361,-2355,-2355,-2353,-2339,-2338,-2321,-2314,-2311,-2308,-2303,-2300,-2264,-2263,-2260,-2255,-2225,-2210,-2207,-2203,-2200,-2184,-2179,-2161,-2134,-2131,-2101,-2071,-2051,-2044,-2038,-2030,-2023,-1988,-1977,-1920,-1886,-1884,-1878,-1877,-1867,-1858,-1836,-1785,-1770,-1763,-1756,-1738,-1706,-1698,-1696,-1695,-1678,-1678,-1651,-1616,-1604,-1601,-1585,-1580,-1576,-1572,-1569,-1566,-1546,-1513,-1513,-1496,-1479,-1464,-1457,-1456,-1456,-1445,-1418,-1414,-1410,-1385,-1369,-1368,-1359,-1359,-1347,-1337,-1317,-1310,-1303,-1299,-1297,-1290,-1288,-1284,-1266,-1238,-1224,-1199,-1177,-1167,-1142,-1135,-1131,-1129,-1105,-1091,-1089,-1072,-1036,-1001,-988,-981,-977,-957,-948,-933,-929,-919,-915,-890,-867,-865,-824,-823,-821,-810,-768,-751,-720,-693,-684,-681,-651,-632,-630,-625,-590,-589,-559,-558,-505,-497,-492,-483,-481,-454,-451,-404,-404,-337,-328,-328,-324,-279,-275,-273,-273,-245,-241,-238,-234,-233,-227,-214,-203,-190,-183,-178,-138,-131,-130,-110,-91,-62,-61,-59,-40,-23,-9,-8,-2}]	{-5000,-5000,-5000,-4999,-4999,-4997,-4995,-4995,-4984,-4982,-4978,-4977,-4976,-4974,-4973,-4971,-4970,-4968,-4966,-4964,-4964,-4963,-4963,-4961,-4961,-4961,-4961,-4960,-4959,-4956,-4952,-4949,-4947,-4940,-4931,-4926,-4924,-4920,-4910,-4908,-4904,-4897,-4896,-4895,-4894,-4891,-4890,-4883,-4882,-4880,-4879,-4879,-4876,-4870,-4869,-4869,-4865,-4860,-4857,-4856,-4855,-4854,-4852,-4848,-4847,-4847,-4846,-4843,-4839,-4838,-4836,-4830,-4830,-4829,-4827,-4827,-4827,-4823,-4820,-4819,-4816,-4815,-4814,-4812,-4811,-4808,-4806,-4803,-4803,-4802,-4800,-4799,-4798,-4798,-4793,-4793,-4792,-4787,-4786,-4785,-4783,-4781,-4769,-4768,-4766,-4764,-4761,-4756,-4745,-4737,-4735,-4732,-4731,-4730,-4730,-4729,-4726,-4721,-4717,-4712,-4711,-4710,-4710,-4699,-4699,-4698,-4696,-4695,-4690,-4686,-4685,-4685,-4677,-4673,-4672,-4665,-4663,-4661,-4657,-4656,-4656,-4648,-4645,-4643,-4640,-4636,-4634,-4632,-4627,-4624,-4620,-4618,-4617,-4617,-4617,-4613,-4611,-4611,-4611,-4609,-4608,-4608,-4606,-4606,-4601,-4600,-4598,-4594,-4591,-4589,-4586,-4582,-4580,-4577,-4572,-4571,-4568,-4563,-4558,-4554,-4547,-4544,-4543,-4543,-4542,-4539,-4539,-4538,-4538,-4518,-4518,-4511,-4507,-4504,-4504,-4503,-4502,-4500,-4497,-4495,-4485,-4484,-4482,-4482,-4481,-4479,-4477,-4475,-4458,-4458,-4456,-4453,-4451,-4446,-4446,-4441,-4441,-4439,-4429,-4429,-4428,-4427,-4427,-4426,-4424,-4421,-4419,-4419,-4418,-4417,-4415,-4412,-4412,-4406,-4405,-4405,-4402,-4397,-4395,-4383,-4381,-4379,-4378,-4378,-4375,-4374,-4374,-4371,-4371,-4371,-4366,-4365,-4361,-4359,-4354,-4353,-4352,-4347,-4342,-4339,-4337,-4327,-4325,-4325,-4323,-4322,-4320,-4320,-4318,-4317,-4314,-4314,-4313,-4311,-4311,-4300,-4285,-4285,-4283,-4275,-4274,-4269,-4268,-4266,-4265,-4265,-4261,-4261,-4260,-4258,-4250,-4247,-4245,-4243,-4242,-4242,-4241,-4240,-4238,-4238,-4236,-4234,-4233,-4231,-4225,-4223,-4216,-4216,-4213,-4211,-4205,-4201,-4198,-4197,-4195,-4193,-4193,-4193,-4192,-4189,-4188,-4185,-4184,-4183,-4180,-4177,-4175,-4170,-4167,-4165,-4162,-4153,-4153,-4151,-4149,-4148,-4146,-4143,-4140,-4136,-4134,-4133,-4128,-4127,-4125,-4124,-4124,-4123,-4121,-4119,-4118,-4117,-4112,-4105,-4102,-4100,-4099,-4095,-4091,-4090,-4089,-4088,-4088,-4087,-4085,-4082,-4079,-4071,-4071,-4070,-4067,-4064,-4061,-4060,-4060,-4056,-4055,-4054,-4053,-4050,-4048,-4044,-4040,-4038,-4025,-4021,-4020,-4020,-4017,-4016,-4015,-4012,-4012,-4009,-4008,-4006,-4004,-4004,-4001,-3999,-3996,-3992,-3988,-3988,-3988,-3987,-3985,-3984,-3983,-3982,-3977,-3976,-3974,-3973,-3973,-3973,-3967,-3964,-3963,-3963,-3961,-3959,-3957,-3950,-3949,-3946,-3943,-3940,-3939,-3935,-3934,-3932,-3931,-3931,-3929,-3928,-3926,-3922,-3917,-3914,-3912,-3906,-3903,-3902,-3901,-3901,-3900,-3897,-3895,-3895,-3890,-3889,-3888,-3886,-3886,-3886,-3885,-3884,-3879,-3877,-3877,-3875,-3874,-3873,-3870,-3868,-3867,-3865,-3863,-3862,-3860,-3858,-3857,-3857,-3851,-3847,-3839,-3838,-3826,-3824,-3823,-3822,-3819,-3817,-3816,-3814,-3814,-3812,-3812,-3811,-3811,-3809,-3809,-3808,-3808,-3807,-3807,-3807,-3805,-3805,-3803,-3802,-3802,-3801,-3799,-3795,-3793,-3793,-3789,-3788,-3787,-3787,-3786,-3784,-3783,-3779,-3775,-3768,-3767,-3766,-3763,-3762,-3762,-3759,-3759,-3755,-3752,-3752,-3750,-3749,-3746,-3744,-3741,-3734,-3733,-3733,-3728,-3725,-3720,-3718,-3714,-3713,-3713,-3711,-3709,-3709,-3708,-3707,-3704,-3703,-3695,-3692,-3687,-3683,-3681,-3681,-3680,-3672,-3668,-3667,-3664,-3660,-3657,-3650,-3650,-3645,-3644,-3644,-3642,-3637,-3636,-3635,-3630,-3628,-3622,-3620,-3619,-3618,-3617,-3616,-3614,-3613,-3613,-3609,-3608,-3606,-3605,-3604,-3602,-3593,-3590,-3590,-3589,-3585,-3583,-3582,-3581,-3572,-3569,-3563,-3559,-3559,-3559,-3556,-3555,-3550,-3549,-3547,-3544,-3543,-3541,-3538,-3534,-3530,-3528,-3524,-3522,-3521,-3521,-3519,-3509,-3507,-3507,-3505,-3503,-3502,-3502,-3501,-3498,-3495,-3490,-3486,-3485,-3483,-3482,-3479,-3479,-3478,-3473,-3473,-3470,-3468,-3460,-3460,-3456,-3455,-3454,-3454,-3454,-3453,-3453,-3452,-3452,-3449,-3446,-3438,-3429,-3428,-3427,-3426,-3423,-3422,-3420,-3419,-3417,-3414,-3413,-3411,-3409,-3409,-3407,-3406,-3406,-3405,-3403,-3402,-3398,-3397,-3396,-3396,-3395,-3394,-3387,-3385,-3383,-3381,-3371,-3369,-3367,-3365,-3364,-3363,-3362,-3358,-3352,-3352,-3351,-3349,-3345,-3343,-3338,-3333,-3331,-3325,-3325,-3321,-3320,-3318,-3316,-3310,-3310,-3306,-3301,-3300,-3299,-3298,-3297,-3296,-3296,-3295,-3291,-3290,-3284,-3283,-3281,-3280,-3278,-3271,-3270,-3269,-3269,-3266,-3265,-3262,-3261,-3258,-3256,-3256,-3252,-3247,-3246,-3245,-3237,-3232,-3228,-3228,-3224,-3224,-3222,-3222,-3222,-3219,-3215,-3215,-3212,-3208,-3203,-3197,-3197,-3190,-3188,-3187,-3186,-3181,-3168,-3164,-3163,-3163,-3163,-3162,-3161,-3160,-3159,-3146,-3142,-3141,-3140,-3138,-3134,-3130,-3129,-3127,-3127,-3124,-3121,-3119,-3116,-3114,-3114,-3113,-3102,-3102,-3093,-3092,-3092,-3087,-3083,-3082,-3080,-3079,-3077,-3075,-3075,-3072,-3070,-3067,-3062,-3062,-3060,-3060,-3057,-3054,-3053,-3050,-3050,-3047,-3045,-3045,-3045,-3043,-3042,-3039,-3039,-3038,-3038,-3037,-3033,-3030,-3028,-3027,-3024,-3020,-3019,-3007,-3006,-3006,-3000,-3000,-3000,-2998,-2998,-2997,-2996,-2990,-2989,-2988,-2984,-2982,-2981,-2975,-2972,-2972,-2965,-2965,-2965,-2963,-2957,-2954,-2952,-2947,-2942,-2941,-2940,-2927,-2925,-2923,-2922,-2918,-2916,-2906,-2898,-2897,-2896,-2892,-2892,-2892,-2891,-2890,-2889,-2883,-2883,-2882,-2882,-2881,-2881,-2880,-2879,-2878,-2875,-2870,-2870,-2867,-2863,-2858,-2857,-2856,-2855,-2842,-2842,-2840,-2838,-2833,-2832,-2815,-2814,-2813,-2809,-2804,-2802,-2799,-2796,-2793,-2792,-2788,-2788,-2779,-2777,-2776,-2775,-2775,-2773,-2772,-2771,-2770,-2770,-2765,-2763,-2762,-2762,-2760,-2757,-2753,-2752,-2752,-2750,-2747,-2745,-2739,-2735,-2733,-2732,-2731,-2726,-2724,-2721,-2721,-2718,-2717,-2714,-2710,-2709,-2705,-2702,-2697,-2693,-2690,-2689,-2686,-2684,-2684,-2683,-2680,-2679,-2679,-2679,-2678,-2676,-2675,-2669,-2666,-2664,-2661,-2656,-2655,-2653,-2652,-2651,-2649,-2648,-2647,-2643,-2641,-2640,-2626,-2625,-2616,-2608,-2607,-2603,-2601,-2601,-2600,-2600,-2595,-2595,-2589,-2585,-2581,-2576,-2573,-2572,-2570,-2570,-2569,-2567,-2565,-2564,-2561,-2558,-2558,-2553,-2553,-2540,-2538,-2538,-2535,-2532,-2531,-2531,-2530,-2530,-2526,-2523,-2523,-2521,-2521,-2513,-2513,-2512,-2512,-2511,-2510,-2505,-2504,-2503,-2502,-2501,-2500,-2497,-2494,-2494,-2491,-2490,-2489,-2489,-2487,-2485,-2484,-2482,-2482,-2481,-2475,-2470,-2469,-2468,-2466,-2466,-2464,-2462,-2461,-2454,-2453,-2451,-2448,-2447,-2447,-2447,-2441,-2441,-2439,-2439,-2439,-2437,-2434,-2423,-2422,-2422,-2421,-2411,-2407,-2406,-2402,-2398,-2398,-2391,-2390,-2390,-2373,-2372,-2371,-2369,-2368,-2367,-2363,-2361,-2361,-2355,-2355,-2353,-2352,-2350,-2348,-2345,-2343,-2341,-2339,-2338,-2333,-2331,-2321,-2321,-2319,-2317,-2315,-2314,-2314,-2312,-2311,-2311,-2311,-2310,-2309,-2308,-2305,-2303,-2303,-2300,-2300,-2298,-2289,-2282,-2280,-2279,-2277,-2276,-2270,-2264,-2263,-2260,-2259,-2257,-2255,-2248,-2245,-2239,-2232,-2232,-2225,-2222,-2219,-2217,-2210,-2210,-2210,-2207,-2203,-2203,-2202,-2200,-2199,-2196,-2194,-2193,-2188,-2186,-2184,-2184,-2182,-2179,-2178,-2173,-2169,-2165,-2165,-2163,-2161,-2159,-2159,-2154,-2150,-2148,-2146,-2144,-2134,-2134,-2133,-2133,-2131,-2124,-2120,-2114,-2114,-2113,-2112,-2101,-2098,-2095,-2095,-2093,-2089,-2087,-2086,-2085,-2084,-2083,-2082,-2082,-2082,-2075,-2073,-2072,-2072,-2071,-2071,-2070,-2067,-2064,-2062,-2061,-2053,-2051,-2050,-2045,-2044,-2044,-2044,-2042,-2038,-2037,-2035,-2035,-2032,-2030,-2025,-2023,-2022,-2022,-2019,-2016,-2008,-2008,-1999,-1993,-1989,-1989,-1988,-1988,-1987,-1984,-1983,-1977,-1975,-1975,-1973,-1972,-1971,-1970,-1969,-1964,-1963,-1956,-1954,-1954,-1952,-1951,-1951,-1943,-1938,-1935,-1930,-1930,-1926,-1925,-1921,-1920,-1916,-1916,-1915,-1911,-1910,-1908,-1906,-1906,-1904,-1903,-1903,-1892,-1886,-1886,-1885,-1885,-1884,-1882,-1879,-1878,-1877,-1874,-1873,-1872,-1871,-1869,-1869,-1867,-1867,-1863,-1860,-1859,-1858,-1855,-1853,-1849,-1845,-1843,-1842,-1840,-1836,-1829,-1829,-1829,-1826,-1824,-1820,-1818,-1808,-1805,-1804,-1792,-1791,-1789,-1788,-1785,-1781,-1780,-1778,-1775,-1771,-1770,-1766,-1763,-1760,-1757,-1757,-1756,-1753,-1753,-1751,-1743,-1738,-1738,-1732,-1725,-1719,-1715,-1714,-1712,-1708,-1708,-1707,-1706,-1700,-1698,-1697,-1697,-1696,-1695,-1694,-1686,-1681,-1679,-1678,-1678,-1678,-1669,-1664,-1659,-1658,-1655,-1651,-1646,-1646,-1645,-1637,-1634,-1634,-1629,-1628,-1622,-1617,-1616,-1614,-1613,-1610,-1606,-1604,-1601,-1600,-1595,-1593,-1593,-1586,-1585,-1582,-1580,-1577,-1576,-1574,-1572,-1569,-1566,-1566,-1562,-1561,-1559,-1554,-1552,-1550,-1547,-1547,-1546,-1546,-1543,-1541,-1540,-1540,-1538,-1538,-1534,-1531,-1528,-1527,-1527,-1524,-1523,-1521,-1520,-1515,-1513,-1513,-1512,-1512,-1508,-1505,-1498,-1496,-1491,-1487,-1483,-1481,-1479,-1478,-1477,-1475,-1475,-1474,-1472,-1464,-1462,-1457,-1456,-1456,-1452,-1445,-1444,-1443,-1429,-1426,-1424,-1418,-1418,-1414,-1410,-1410,-1406,-1400,-1396,-1396,-1391,-1390,-1388,-1387,-1385,-1378,-1375,-1375,-1372,-1369,-1369,-1368,-1368,-1359,-1359,-1356,-1355,-1352,-1351,-1349,-1347,-1346,-1343,-1339,-1337,-1332,-1328,-1327,-1323,-1322,-1321,-1317,-1314,-1313,-1310,-1303,-1301,-1299,-1299,-1299,-1298,-1297,-1290,-1290,-1288,-1284,-1283,-1282,-1282,-1279,-1273,-1269,-1268,-1266,-1265,-1264,-1263,-1262,-1255,-1254,-1243,-1242,-1241,-1239,-1238,-1232,-1228,-1228,-1225,-1224,-1224,-1223,-1220,-1217,-1211,-1207,-1206,-1205,-1203,-1202,-1199,-1199,-1199,-1199,-1188,-1187,-1177,-1177,-1173,-1167,-1167,-1165,-1164,-1163,-1163,-1160,-1146,-1144,-1143,-1142,-1140,-1135,-1131,-1131,-1129,-1128,-1119,-1118,-1115,-1114,-1112,-1112,-1109,-1109,-1108,-1108,-1107,-1105,-1103,-1101,-1100,-1092,-1091,-1089,-1081,-1078,-1077,-1074,-1072,-1069,-1066,-1066,-1065,-1061,-1060,-1055,-1054,-1054,-1054,-1046,-1044,-1042,-1042,-1041,-1038,-1036,-1029,-1023,-1016,-1015,-1013,-1011,-1011,-1008,-1008,-1005,-1002,-1001,-995,-993,-993,-988,-986,-981,-979,-977,-976,-974,-973,-972,-972,-966,-958,-957,-955,-954,-951,-948,-948,-948,-946,-945,-942,-941,-938,-938,-933,-929,-924,-924,-924,-921,-919,-915,-913,-912,-903,-903,-902,-898,-896,-895,-892,-891,-890,-885,-885,-885,-881,-880,-876,-875,-875,-874,-873,-870,-867,-865,-864,-858,-852,-843,-842,-841,-841,-841,-837,-837,-835,-832,-831,-829,-828,-824,-823,-821,-820,-819,-817,-815,-814,-812,-811,-811,-810,-807,-807,-805,-802,-800,-796,-795,-792,-789,-789,-784,-783,-780,-768,-768,-768,-765,-764,-756,-753,-751,-749,-742,-742,-739,-737,-736,-732,-730,-728,-724,-720,-716,-716,-715,-713,-710,-706,-701,-700,-695,-693,-691,-688,-687,-684,-681,-679,-679,-677,-676,-676,-675,-673,-671,-663,-661,-656,-655,-651,-651,-651,-646,-645,-642,-641,-639,-639,-637,-632,-631,-631,-631,-630,-625,-625,-619,-618,-616,-615,-614,-612,-612,-611,-610,-609,-603,-598,-597,-597,-594,-594,-592,-590,-590,-589,-589,-588,-587,-581,-581,-578,-577,-575,-575,-575,-570,-565,-559,-559,-558,-556,-550,-545,-542,-541,-540,-536,-533,-530,-530,-530,-520,-511,-510,-510,-506,-505,-505,-505,-504,-504,-501,-497,-492,-483,-483,-481,-479,-472,-469,-468,-464,-461,-460,-455,-454,-451,-447,-441,-441,-440,-440,-438,-436,-436,-432,-431,-430,-429,-428,-428,-425,-424,-419,-418,-416,-414,-408,-404,-404,-400,-397,-397,-394,-389,-389,-389,-389,-386,-380,-378,-374,-373,-371,-367,-367,-365,-365,-364,-360,-358,-354,-354,-354,-353,-352,-352,-349,-347,-345,-344,-344,-343,-340,-339,-337,-335,-331,-331,-328,-328,-326,-324,-322,-321,-320,-317,-313,-312,-310,-308,-304,-301,-301,-297,-291,-290,-287,-284,-279,-279,-276,-275,-274,-273,-273,-272,-269,-266,-265,-263,-262,-258,-258,-245,-242,-241,-239,-238,-235,-234,-234,-233,-233,-232,-227,-227,-226,-221,-220,-216,-214,-214,-203,-200,-196,-194,-193,-191,-190,-190,-188,-188,-187,-184,-183,-178,-178,-176,-170,-167,-164,-164,-163,-160,-159,-158,-154,-145,-144,-143,-139,-138,-138,-137,-135,-134,-134,-131,-130,-129,-127,-127,-125,-121,-120,-112,-110,-109,-103,-101,-101,-99,-98,-97,-93,-91,-87,-83,-83,-80,-75,-65,-64,-62,-61,-60,-59,-53,-50,-49,-49,-49,-45,-40,-37,-36,-35,-28,-28,-25,-23,-18,-18,-17,-10,-9,-8,-6,-6,-5,-5,-2,-1}	
