0, 1	0
1, 1	1
-1, 1	-1
1, -1	-1
-1, -1	1
1, 2	0
2, 2	1
5, 2	2
10, 3	3
2147483647, 1	2147483647
-2147483648, 1	-2147483648
2147483647, 2	1073741823
-2147483648, 2	-1073741824
2147483647, 3	715827882
-2147483648, -3	715827882
1004958205, -2137325331	0
100579234, -555806774	0
-1006986286, -2145851451	0
-1010369383, -2147483648	0
1012735991, 2034702238	0
-1020450018, 2091335377	0
102137742, 1817624734	0
-1021418889, 1064910933	0
-1021989372, -82778243	12
1022140564, -1851539743	0
1024001314, 1515095570	0
1026117192, -874002063	-1
-102626058, -2147483648	0
-102790837, -616686672	0
1029109062, 2147483647	0
1033759895, 2147483647	0
1036963541, -24409858	-42
1038486859, -1575586561	0
1038925803, -2147483648	0
-1039162657, 490823224	-2
1040040164, 163207087	6
1043146863, -562512009	-1
-1045417773, 2147483647	0
-1046195285, -2147483648	0
-1046638222, 564425312	-1
-1048958272, 336470323	-3
1054397762, 1668705436	0
-1056592631, -1058823206	0
1058429157, -593531504	-1
-1060849722, 99958928	-10
1067541020, -2147483648	0
-1067893067, -648632514	1
-1068563915, -798119660	1
1068890726, -72224782	-14
-1072891183, 119983488	-8
1076233784, -1766978113	0
1080358586, 1174041879	0
-1081403787, 1792670426	0
-108394719, -323602569	0
-1085445538, 238478284	-4
1086259152, -2046786570	0
-1087095204, -2147483648	0
1089495531, 53074727	20
1089905708, -741049374	-1
-1091258105, 1903780854	0
1093474765, 1055733916	1
1095849273, -1366561614	0
1100540749, -1090366779	-1
-1100687716, -2147483648	0
1103902354, -1880258337	0
-1106478492, 36592642	-30
-1108075731, 1287079930	0
-1109067601, 899184204	-1
1109187597, 2147483647	0
111088990, 2147483647	0
1111936340, -1165433470	0
1115497071, -769997080	-1
1118991431, -1916959039	0
1120525167, -996222521	-1
-1120799359, 1508413980	0
-1124481825, -17740490	63
-1127149316, 760403761	-1
-11286438, -1761381200	0
1130202528, 2147483647	0
-113195511, 827855145	0
1134302847, 301903265	3
1138838098, 2147483647	0
-113953071, -769513399	0
-1139973263, -1119586052	1
-1140436883, 666099539	-1
11417125, 402748513	0
-1144114394, -2147483648	0
1144944974, 1493584507	0
1149849339, 1867638687	0
-1150224310, -1442903311	0
1157016130, -1801710974	0
1161520080, -1469733211	0
1162237829, 1007666127	1
-1169758455, -158246221	7
-1169994976, 158107113	-7
1170220337, 1460992475	0
-1170953857, -161334912	7
1174163171, -2147483648	0
117807645, 844456674	0
11799096, 1290795852	0
11811753, -311006779	0
1182142800, 2147483647	0
-1184790830, 1309801066	0
1185150228, 2147483647	0
-1185224644, 969573708	-1
-1189363969, 1825562325	0
-1189552160, -788995030	1
-1190309985, -2043980108	0
-1190325052, -838914864	1
1190454652, -1834416490	0
1190874606, -1002804604	-1
-1199825591, 1399523280	0
1200382029, -1503935416	0
1202049800, -2147483648	0
-1206490336, -1874268968	0
1206747311, -1788625513	0
-1208361804, -259539122	4
1209379776, 2094360648	0
-1210148169, 1198776979	-1
-1213556684, 51465006	-23
1213740707, -2147483648	0
1215288993, -2147483648	0
-1216125903, -837739998	1
1219753834, 1354945793	0
-1224052410, 1772480834	0
1225415774, -147211203	-8
1226831206, 1624136415	0
1228382473, -1415129358	0
-1228909052, 489894030	-2
1230572410, -157164692	-7
123327029, 2147483647	0
-1233645389, 2147483647	0
1237644868, 516539040	2
1241537586, 868248375	1
-1244267269, 1720650993	0
1244952400, -1063039359	-1
1255766341, 1034192580	1
1257622198, -1984179383	0
-1259125393, 1751344965	0
1259508667, 359460707	3
1260789446, 2147483647	0
-126111736, 2147483647	0
1261249573, 1384340212	0
1261678469, 2119405132	0
1262439062, -629703411	-2
-1263196278, -430944278	2
-1263824607, -231315471	5
-1265506405, 1406378191	0
1270219917, -2147483648	0
-1271483468, -113730541	11
127557643, -248605804	0
1275764444, -2147483648	0
-1276820508, -909424352	1
1282197751, -515208357	-2
-1282589627, 653142192	-1
1291025358, 243388983	5
1295078471, -696680689	-1
-1297269653, 237154494	-5
-1297708028, -2147483648	0
1310964835, -2119752841	0
-1313675613, -1693084033	0
1315147051, 803583803	1
1316775175, -458036099	-2
1318824231, 1224132857	1
1318896523, -2147483648	0
1319958837, -2147483648	0
1320911330, -2008684514	0
-1322615279, 830451077	-1
-1328139483, 742434981	-1
1331134141, -1043873508	-1
-1332929610, -2147483648	0
-1333724571, 1863475462	0
1335311627, 2147483647	0
-1337645178, -1062074444	1
-134251364, -952696521	0
-1345220220, 2147483647	0
1347875436, 2147483647	0
1350445134, -1482394226	0
-1354304055, -931428442	1
1359426416, 1506458139	0
-1359805361, -2147483648	0
-1365693561, 193835111	-7
1366581339, 2147483647	0
1371246423, -1599800546	0
1372908646, -954992003	-1
1374596992, -1517432983	0
-1375003484, 935045893	-1
-1375621307, -1102871504	1
138088497, 1363193587	0
-1384904293, -153821790	9
-1389554826, -1248626861	1
139277429, 1645453625	0
1394533275, 387606202	3
1394619707, 2147483647	0
13952595, -1173760431	0
-1399065502, -1950995960	0
-1400115009, -521948201	2
1415362674, 52987525	26
-1417501465, -1381652680	1
1417620611, 805291844	1
-1418548830, -2147483648	0
-1419597192, 2147483647	0
1419673317, -989927799	-1
-142369978, 941142877	0
1425115618, -182662663	-7
1425314031, 2118970357	0
-1426070376, 2147483647	0
1426657451, 2147483647	0
1429400374, 150456157	9
1441778936, -2147483648	0
-1442673347, 735118308	-1
-1443082497, 2147483647	0
-1448070941, -1330507563	1
1449420996, 1214778737	1
1450912219, 1852181179	0
1452329760, -1786988620	0
1454544650, 249415999	5
1455094261, 1735945564	0
1461432792, -965873899	-1
-146319352, 204231943	0
1464492814, -2147483648	0
-1465719136, -1829693452	0
-1466277442, 2147483647	0
1466924965, -320316709	-4
1468915695, -2147483648	0
1470926057, -620222718	-2
-1472102470, 779514609	-1
-1478269528, -339067723	4
-1479492651, -2100311692	0
1482663215, 1060876932	1
-1486976080, 1853496338	0
-148811841, 1811625140	0
-1489549881, -878841921	1
1491438520, -65840315	-22
1493986839, 1329242938	1
1496000051, 437742378	3
1500819868, 1745817986	0
-1505326491, -2147483648	0
1506471020, 2147483647	0
-1515770717, -1654771322	0
1519248180, 1594980693	0
-1519703946, 2147483647	0
-1523294044, 1314591570	-1
-1524648716, 2147483647	0
1527210424, 2147483647	0
1530093783, 1493139203	1
-1532105165, 1892081080	0
-1533799244, 845054722	-1
-1538165697, 1484749780	-1
1539294732, -2147483648	0
-154163034, -1444798491	0
-1542124461, 2147483647	0
-1545201287, -1111425895	1
-1545213098, -467962589	3
1547390175, 1424791464	1
1551165624, -201107802	-7
1552595646, 1014754774	1
1554964539, -852329655	-1
1560299204, 753816383	2
1561229883, 1371569970	1
-1563745632, 928683913	-1
-1566834001, 360941337	-4
-1568602413, -1119737976	1
1575184974, -1308671543	-1
-157804543, 1842612715	0
1589259100, 1832987511	0
-1597999952, -1935468374	0
-1599282143, 1533054286	-1
1600188996, 1756621643	0
1612541756, -2147483648	0
1612995702, -2147483648	0
-1615105915, 1485849445	-1
-1619080883, -2147483648	0
1619315868, 1460468066	1
1620531177, 1413787584	1
1620729194, 328496922	4
1623419120, 14407154	112
-1625494940, -658066508	2
1625498247, -2091978273	0
1627701675, 108511330	15
1628412477, 968985305	1
1628566897, 1339931666	1
-1631977444, -840719913	1
1633530199, -333127384	-4
1634923077, -280278242	-5
-1637046377, -92160193	17
-164130181, 395579829	0
1645571250, -252655610	-6
1645634752, 2060083349	0
-1646241086, 2147483647	0
-164635132, 69733226	-2
1649220258, -830026446	-1
-1651846700, -2147483648	0
-1653143893, -345576290	4
-1653498345, -466499673	3
-1654057550, 2147483647	0
1654698705, 2037191709	0
-1654750706, -136205019	12
165555484, -1083714429	0
-165574282, -180811776	0
1656586833, 297529154	5
-1656931478, -1354855353	1
-1658356636, -1639504005	1
1659927940, 1471320653	1
1671300840, -2147483648	0
-1672667074, 1882206904	0
-1674259429, 1681706759	0
1679592471, -19999868	-83
1682365490, 1164123994	1
-1685516883, -1666635197	1
-1685665565, -1259882199	1
1687478538, -1834418112	0
-1689072922, 2147483647	0
-1689510828, -1922792965	0
-1690019550, 856862364	-1
1691467279, 13598535	124
-1693911510, -2147483648	0
1697147282, 2147483647	0
-169894602, 332981230	0
-1700821810, -1803930432	0
1701182243, -551866967	-3
-1702866129, -671924755	2
-1703308712, 2147483647	0
-1703977894, -435022773	3
1704545616, -1406070763	-1
170692406, 2147483647	0
1714945349, -885004738	-1
-1715532303, -2119212900	0
-1718798136, 578319093	-2
-1723101412, -1608693122	1
-1723496124, -217153885	7
-1729342167, -2019579071	0
1729960976, 648361796	2
-1730782680, -159474903	10
-173196234, 1292703509	0
-1734467561, -2147483648	0
17397731, -2071740152	0
17404977, -1365075540	0
-1744201163, -1709681495	1
1748050651, 1396209311	1
1751638434, 893022495	1
-1752077411, -530679202	3
-1758581437, 2147483647	0
-1758848945, -471338226	3
1765269491, 1314063069	1
-1766419263, -2147483648	0
1766617128, 25964127	68
-1767835256, 2125551756	0
-1768809435, -2147483648	0
1769275937, 2147483647	0
177127398, -946751664	0
1771772719, 2147483647	0
-1775909969, 1935697291	0
-1777818543, 2054264660	0
-1778140591, 1545416169	-1
1782738882, -414177070	-4
-1783803856, 1571017206	-1
1784289921, 127375292	14
1786006960, -907539135	-1
-178706795, -1105145465	0
1790687613, 1742617416	1
-1792342795, -712880106	2
1803762907, 2147483647	0
-1804219743, 334408025	-5
1805565365, 2147483647	0
-1806321078, 904260201	-1
-1815468574, 515507394	-3
1817210516, 1433032197	1
1822779756, -1440717643	-1
182336638, -1554988875	0
1823571393, -617125847	-2
-1823937081, -407639932	4
1824897971, -2147483648	0
1826320225, 1790999704	1
-1826787291, 1505323623	-1
-1828524665, -479902845	3
-1837274150, -2147483648	0
1837579280, -782017721	-2
1844101991, 1364840351	1
-1844895077, 1978520110	0
1845040998, -1940989126	0
-1847742647, -481171467	3
-1849108910, -823785870	2
1849849113, -918863072	-2
1853138819, 2147483647	0
1855245402, -2147483648	0
1856017636, 976669829	1
-1861485347, 2103299307	0
1863955875, -1385477804	-1
1865606583, -1742994240	-1
-1869664505, 2014538985	0
-1869913490, -1065968044	1
1870102141, -2147483648	0
-1871618900, 957648048	-1
-1871683847, -782316560	2
1876693395, -2147483648	0
-1879813188, 1006949874	-1
188458315, -1465324996	0
-1890312244, 2064956584	0
1892348064, -786606970	-2
-1897032645, -1765827918	1
1899086785, -890364716	-2
-1902204457, -2147483648	0
-1906682321, -124930009	15
1909087961, 245336361	7
1909842179, -1961523288	0
-1911388972, -1804077745	1
1919159650, -1943279157	0
-1921371691, -1731113917	1
-1928696977, 2147483647	0
-1933673673, 29292848	-66
1934196525, 1817964023	1
1936465836, -138403792	-13
-1936993880, -1000848023	1
-193711037, -2000204674	0
-1937360465, 50835469	-38
-1946033125, -2147483648	0
-1948824737, 981745484	-1
-1950895342, -331909974	5
1956826664, 1759332524	1
196122851, -2147483648	0
-1964148127, 542231114	-3
-1966045460, 1688774641	-1
1966878153, -2147483648	0
-196807915, 909482066	0
1968867351, 155601988	12
-1969314680, 488403098	-4
-1971826679, 1441631257	-1
1972451758, -1984166557	0
1974765561, 2147483647	0
1976711280, 2147483647	0
-1976822554, 178651583	-11
1981445587, 1172010393	1
-1982500488, -1955714665	1
1984321528, 255237122	7
-1985915844, -2147483648	0
1987899738, -1783576867	-1
-1992080203, 1574752641	-1
-199738499, -2006573357	0
199920683, -1825207408	0
2000574838, 738935799	2
-2001952571, -1143114776	1
-2003801263, 2147483647	0
-2004177996, 475231161	-4
-2005668815, 470464189	-4
-2015057837, 1280829632	-1
202431277, 2147483647	0
-2025055017, 2147483647	0
-20256949, -951281345	0
2026191191, -1818379996	-1
-2029977903, 2147483647	0
-2031495261, -1863519325	1
2036580143, 161744586	12
-2043404602, -2147483648	0
2046913741, -2147483648	0
2047766475, -2147483648	0
2049315562, 45630097	44
-2050143101, -1923792264	1
-2050740167, -1959841014	1
-2053028598, -879857926	2
-205341666, 2041519708	0
2055194964, 2147483647	0
-2055768819, 603182737	-3
2058382118, 2108363166	0
-2061703849, -1790512192	1
-2063090071, -424169648	4
2065908196, -1262241914	-1
-2068753316, -2147483648	0
-2069629472, 107973158	-19
-2073534045, -1302154306	1
-2078180541, -1576323445	1
-2078767632, -1267780430	1
-2079255230, 1917203706	-1
-2080736968, 416675175	-4
2083933251, 660545909	3
-2085245428, -2147483648	0
-2086839135, -1039962619	2
2088990065, -1618713421	-1
2099059372, -1715936354	-1
-2100196460, 1174179673	-1
2100210671, 361675249	5
-2103393140, -1249017556	1
-2107997394, 2147483647	0
2117542, -2147483648	0
2127144372, -659007769	-3
-2130648437, 2147483647	0
2131398808, 2147483647	0
2135635767, 2147483647	0
-2139252731, 215534814	-9
-214042978, 1198177067	0
2144672461, -816862491	-2
2147483647, 1004914333	2
2147483647, -1033283685	-2
2147483647, -1056753401	-2
2147483647, -1060672858	-2
2147483647, -1071012654	-2
2147483647, -1118209564	-1
2147483647, 114155384	18
2147483647, -1152387593	-1
2147483647, 1163534609	1
2147483647, -1221050819	-1
2147483647, 1238878062	1
2147483647, -1316641219	-1
2147483647, 1320848739	1
2147483647, -1354984617	-1
2147483647, -1387313570	-1
2147483647, -1419057124	-1
2147483647, 1427001668	1
2147483647, 1461825455	1
2147483647, -1477707261	-1
2147483647, -1488521534	-1
2147483647, -1520473285	-1
2147483647, 1560542279	1
2147483647, 1587952551	1
2147483647, 1698231098	1
2147483647, -1733441150	-1
2147483647, 1735536575	1
2147483647, -1756610682	-1
2147483647, -1757820805	-1
2147483647, 1758976662	1
2147483647, -1779051316	-1
2147483647, 1785596087	1
2147483647, 1821591523	1
2147483647, -183636008	-11
2147483647, -1890038210	-1
2147483647, 1901218539	1
2147483647, 1903274371	1
2147483647, 1922849658	1
2147483647, 1932024071	1
2147483647, 1935930514	1
2147483647, -1981347386	-1
2147483647, 2043962061	1
2147483647, -2052319239	-1
2147483647, -2082300324	-1
2147483647, 2085507606	1
2147483647, -212615616	-10
2147483647, -2126904375	-1
2147483647, -2130862014	-1
2147483647, 2140355957	1
2147483647, 2145948381	1
2147483647, 2147483647	1
2147483647, -2147483648	0
2147483647, -216176105	-9
2147483647, -232723955	-9
2147483647, -247541472	-8
2147483647, -322951329	-6
2147483647, 323707923	6
2147483647, -380424937	-5
2147483647, -390518904	-5
2147483647, -406619542	-5
2147483647, -433670187	-4
2147483647, 43603255	49
2147483647, 450913111	4
2147483647, 458786377	4
2147483647, 512378246	4
2147483647, 517076604	4
2147483647, 536470595	4
2147483647, -544797282	-3
2147483647, 566887493	3
2147483647, -578921728	-3
2147483647, 592187082	3
2147483647, -595978834	-3
2147483647, 630159703	3
2147483647, -654214462	-3
2147483647, -706658216	-3
2147483647, 720022077	2
2147483647, 727665511	2
2147483647, -774210536	-2
2147483647, -808555130	-2
2147483647, -852212788	-2
2147483647, -865399957	-2
2147483647, 868561983	2
2147483647, 92398742	23
-2147483648, -1017100424	2
-2147483648, -1109186033	1
-2147483648, -1149466931	1
-2147483648, -1155409855	1
-2147483648, -1171564317	1
-2147483648, -1174982358	1
-2147483648, -1194960377	1
-2147483648, 122481295	-17
-2147483648, 1262480350	-1
-2147483648, 1262536926	-1
-2147483648, -1315058218	1
-2147483648, -1332276617	1
-2147483648, -1338341643	1
-2147483648, 1374091498	-1
-2147483648, -1379851056	1
-2147483648, -1398025133	1
-2147483648, 1412920228	-1
-2147483648, -1441304632	1
-2147483648, -1448293300	1
-2147483648, -1457136489	1
-2147483648, -1553771737	1
-2147483648, 1556224315	-1
-2147483648, -1567258171	1
-2147483648, -1598498990	1
-2147483648, 16082327	-133
-2147483648, 1614789693	-1
-2147483648, 1615110424	-1
-2147483648, -1654438858	1
-2147483648, -1657379116	1
-2147483648, 1667825635	-1
-2147483648, 1679592760	-1
-2147483648, -1764614735	1
-2147483648, 177137341	-12
-2147483648, -1805823201	1
-2147483648, -1824028092	1
-2147483648, 1840313338	-1
-2147483648, -1846341124	1
-2147483648, 1884054277	-1
-2147483648, -189387398	11
-2147483648, 1925886465	-1
-2147483648, -1994346178	1
-2147483648, -2013115303	1
-2147483648, -2055203647	1
-2147483648, 2094160300	-1
-2147483648, -2109383434	1
-2147483648, 2130768075	-1
-2147483648, 2147483647	-1
-2147483648, -2147483648	1
-2147483648, 265681027	-8
-2147483648, 317587590	-6
-2147483648, 335123990	-6
-2147483648, 337372719	-6
-2147483648, -34842949	61
-2147483648, -445115814	4
-2147483648, 456514119	-4
-2147483648, 473502091	-4
-2147483648, -521055958	4
-2147483648, 565772705	-3
-2147483648, 567796214	-3
-2147483648, 571616402	-3
-2147483648, 571877125	-3
-2147483648, 572926786	-3
-2147483648, 586672895	-3
-2147483648, 612210904	-3
-2147483648, 61630054	-34
-2147483648, 672431470	-3
-2147483648, 691400354	-3
-2147483648, 699872156	-3
-2147483648, 729572147	-2
-2147483648, 730612830	-2
-2147483648, 774088756	-2
-2147483648, 794102254	-2
-2147483648, 810502177	-2
-2147483648, -838666156	2
-2147483648, 846595200	-2
-2147483648, 863714126	-2
-2147483648, 884644855	-2
-2147483648, 926110813	-2
-2147483648, 982158972	-2
-2147483648, -998487413	2
216248286, 819285600	0
219685943, 190463975	1
-22092137, 2078798080	0
221903489, 1859819942	0
-224243038, 1228722344	0
224616630, 1893510353	0
-230421892, -1522514586	0
-230579208, -2031950813	0
-23059748, -1695329200	0
23235970, -2147483648	0
-235111, 1758851974	0
-23584140, 1044917833	0
-243206868, 1731585340	0
-250193525, -920116758	0
-252251378, 1806181787	0
253449972, -13754282	-18
254007199, -603313309	0
255547862, 1393339588	0
-256037134, -540487333	0
-260511579, 2147483647	0
-26591144, -1331655264	0
-267021142, 2147483647	0
-267841032, 2091217374	0
-268342466, 2147483647	0
-272589028, -1116892802	0
275194602, 1766147560	0
277032406, 1051820609	0
277477168, 50185357	5
28156290, -1285314851	0
286911297, -1768325365	0
289690869, -310360990	0
-29125866, 1400118431	0
293443119, -2147483648	0
-293912646, 933399457	0
294953359, -2147483648	0
-302694288, 681598277	0
-308870642, 1026484806	0
-315918497, 1445915868	0
-316674508, 1590615270	0
-3177776, -1377847588	0
317874004, 1651584955	0
-3188100, 2145842234	0
326029823, -587440742	0
327421457, -1046147640	0
-332134703, 202456583	-1
-332648613, -2147483648	0
334520453, -135951588	-2
-335159294, 502996484	0
-340346150, 139839062	-2
-342319765, -1794814415	0
-347254219, -2147483648	0
-349279786, -2119896692	0
-349553975, -1401073426	0
-350736737, 798185873	0
35624667, -2147483648	0
-363666333, 155628673	-2
36753860, -2026646767	0
369617892, -169134649	-2
37225084, 1710868372	0
373333139, -295268248	-1
-381138799, 658554385	0
-383859930, 1674507562	0
38490424, -567968193	0
-387718054, 1515266117	0
387944648, 2147483647	0
388074039, 1779950697	0
-390006953, 492971608	0
-391542051, -623530437	0
-392373089, 872241108	0
-392412801, -2147483648	0
-396693612, -1645586415	0
396774372, -1688194584	0
400037375, -426898752	0
-402309466, 2040980875	0
404396499, -63831059	-6
-405085634, -2070711489	0
405839082, 42421355	9
407210233, 973849164	0
410253186, 2147483647	0
414347327, 386534085	1
414877387, -156818068	-2
-415443924, 1123348156	0
420523350, 1158580174	0
42097772, 941893175	0
-421028031, 346640615	-1
42358007, -46809770	0
-424538535, 2147483647	0
428634213, 1647352666	0
428730634, 1095767534	0
430923032, 2147483647	0
432437260, -2147483648	0
-435585097, -2117099195	0
-436941858, -1286029543	0
438661792, -491266674	0
43893779, 2147483647	0
439071809, -1069031387	0
-441039540, -762344240	0
441168723, 1324328673	0
444245299, -2147483648	0
447301445, -86211023	-5
448643001, -1647139547	0
449903882, -1197455123	0
-451960185, 2147483647	0
-452204828, -342977781	1
453879609, 2147483647	0
454848554, -1511064634	0
-460419605, -1152979903	0
460704539, -994665443	0
461271073, -1845070001	0
-465439031, 2147483647	0
-46581390, 2144628900	0
-47080828, -837011845	0
-47861583, -1644764141	0
480443559, 2147483647	0
481228064, 1419697611	0
-48139208, 1811046480	0
-484699529, -2147483648	0
488115397, -301579154	-1
492760205, -1393393890	0
4982561, -2147483648	0
505180436, 1590994524	0
506220023, 2147483647	0
-513848216, 1407596704	0
518505428, 1145930519	0
-520193150, -2138358662	0
520991010, 2147483647	0
-521012107, -1043062440	0
-523139355, 1081895048	0
526998875, 171772388	3
-527508937, 645031584	0
529132151, 1834412598	0
-530827249, 388576462	-1
-531022433, -2147483648	0
538647858, -1744338716	0
542198771, -1050719864	0
-545686486, -627137143	0
-549530964, -1449719942	0
549648372, 7435765	73
550835034, -2147483648	0
-551162197, 380193805	-1
555605144, 2032231541	0
-555887189, 233658097	-2
557405875, 159896683	3
-559945177, -426344953	1
561092209, 2090119468	0
561313186, -110938461	-5
563395634, -2147483648	0
-566868168, -458118470	1
-567664383, 2147483647	0
567912837, 1555557198	0
569965261, -2105939890	0
-573472263, -1261692942	0
-574073685, -1084292123	0
-574797727, -982001806	0
-578436079, 633997826	0
-580430078, 2147483647	0
583702701, 1132345735	0
585856641, -1940134282	0
-589174356, -2147483648	0
592433631, -1274282848	0
-595368860, -1366623875	0
599814439, -2147483648	0
-605559201, -1265962426	0
606114729, -1714785067	0
61021798, 1933550350	0
611954277, -1224543938	0
-612627656, -2147483648	0
-614153093, 464090105	-1
618382859, 2147483647	0
-618796056, -1632647180	0
-62537482, 1649164932	0
625994627, -1344012725	0
-628503096, 464556230	-1
629242209, -1752873736	0
-63147333, 969279867	0
-633020081, -2147483648	0
633978197, 1818987369	0
-634668869, -1950566086	0
-634830457, 1149782245	0
-638903447, -971495384	0
-640903372, 2147483647	0
646586250, -173272084	-3
-646766315, 332921807	-1
-647573508, 2145194473	0
-648876615, -1397217674	0
-6544227, 619303537	0
654925696, -2147483648	0
655732697, -150279977	-4
-657436074, 2147483647	0
65976563, -1024401689	0
-661223031, 397062820	-1
662114945, 2147483647	0
662201045, -1712603893	0
-662325766, -612102042	1
-674156790, 202216854	-3
683461279, -1682858235	0
-683571327, -424198372	1
685390149, -1442121721	0
-686501323, -834938704	0
689851622, -1870832525	0
-690057092, 476003167	-1
-690731771, -1401361801	0
694739088, 2147483647	0
694813601, -1692658587	0
-697937496, 2147483647	0
699996805, -1637498239	0
-700831187, 2147483647	0
-701827483, -919203589	0
-706239537, 2147483647	0
-707586011, -2147483648	0
712145149, -1304020577	0
-718496662, -2147483648	0
721272532, 250932875	2
-724108118, -89372642	8
-724524603, -2147483648	0
-724560176, -1618941686	0
-727696781, -912942761	0
728374783, 2342402	310
-728972645, -1031624393	0
729783790, 452391221	1
-729784219, 816894782	0
730534975, 2090924363	0
730565924, -2147483648	0
738097341, 2077335856	0
-740355612, 1550725820	0
742439961, 1656236941	0
747063312, 2147483647	0
-749386594, 327318815	-2
751183264, 299952494	2
752154882, 1316841582	0
754076160, 1791043238	0
75575849, -708283681	0
-762432596, -1691217855	0
765231866, -2147483648	0
-76731134, 77735480	0
769788139, 2018442126	0
77935701, -770592672	0
-781609592, -802579652	0
-782734042, 2028946234	0
-783372425, 1525629400	0
-783734200, -2147483648	0
783945850, 2147483647	0
785315878, 2147483647	0
-785520205, 1050047357	0
-791822518, 526314733	-1
-793271451, -407899623	1
794206758, -2147483648	0
-795923800, -2147483648	0
-799166605, 1309553209	0
802773482, 402110724	1
-803136716, 67582613	-11
803276939, 2087488068	0
809631200, 349708471	2
-810524894, 1886988205	0
817752294, -1030097550	0
818659232, 1445353725	0
819124852, -1443718106	0
820434089, 2147483647	0
823059315, 1214883507	0
824382564, -2086784607	0
-824907977, 2147483647	0
-827099673, -920336444	0
827103186, 468011729	1
837909201, 1489900982	0
838682652, -1489586346	0
839299074, 558181959	1
839547154, -215474078	-3
-840602954, 229938253	-3
-840953966, 1163642034	0
841338766, 121494823	6
-843568742, -1709504318	0
844379034, -1040534884	0
-845231885, 1705945351	0
-848624298, -1818466601	0
-848634075, -2147483648	0
-850522055, 932376678	0
853976119, 2147483647	0
856007872, -2147483648	0
856325649, -974517257	0
-863391421, 2132830455	0
863762418, 1433614832	0
866551856, -1226285188	0
-871933241, 1476043206	0
872168757, -2147483648	0
874751900, -2114136182	0
-877175296, 700799582	-1
877250063, 1202472563	0
881663282, -1706689924	0
892527426, 2002204177	0
-89303228, -2147483648	0
-894756178, -2147483648	0
900623592, -2147483648	0
902254252, 1415138808	0
903526308, 1544150789	0
906254343, 27771265	32
-908086825, 2147483647	0
911124576, -1095200827	0
913916137, -1392995234	0
914944337, 1483480582	0
-915542077, 2147483647	0
-918194445, 412749545	-2
922266791, 461302182	1
922660249, 422560387	2
-925490417, -600790617	1
-925863997, -1120291455	0
-927868352, -266404614	3
928515427, 461761398	2
-92853657, -525435539	0
934422159, 830231907	1
935154904, -804659234	-1
-936412828, -429125318	2
-936419899, -203705452	4
937372316, 1742780408	0
-940314554, -2147483648	0
945685146, -1376967823	0
948860788, 228748973	4
949909485, 1593896380	0
-952711722, -999491286	0
-961917571, 1837395122	0
-962506508, 271372112	-3
962801408, 304900313	3
963980472, -1812810516	0
-964839008, -2098244146	0
-970685715, 1043901397	0
-973322785, 1597382575	0
-974495643, 1834561194	0
975658619, -1287722926	0
979407795, -991279108	0
987743962, 2147483647	0
99540280, 679514866	0
996936476, 2147483647	0
997223761, 1856441081	0
-997379794, 2147483647	0
-999511578, -2147483648	0
