[1], 0	-1
[1], 1	0
[1], 2	-1
[1,3], 0	-1
[1,3], 1	0
[1,3], 2	-1
[1,3], 3	1
[1,3], 4	-1
[3,1], 0	-1
[3,1], 1	1
[3,1], 2	-1
[3,1], 3	0
[3,1], 4	-1
[1,3,5], 0	-1
[1,3,5], 1	0
[1,3,5], 2	-1
[1,3,5], 3	1
[1,3,5], 4	-1
[1,3,5], 5	2
[1,3,5], 6	-1
[3,5,1], 0	-1
[3,5,1], 1	2
[3,5,1], 2	-1
[3,5,1], 3	0
[3,5,1], 4	-1
[3,5,1], 5	1
[3,5,1], 6	-1
[5,1,3], 0	-1
[5,1,3], 1	1
[5,1,3], 2	-1
[5,1,3], 3	2
[5,1,3], 4	-1
[5,1,3], 5	0
[5,1,3], 6	-1
[4,5,6,7,0,1,2], 0	4
[4,5,6,7,0,1,2], 1	5
[4,5,6,7,0,1,2], 2	6
[4,5,6,7,0,1,2], 3	-1
[4,5,6,7,0,1,2], 4	0
[4,5,6,7,0,1,2], 5	1
[4,5,6,7,0,1,2], 6	2
[4,5,6,7,0,1,2], 7	3
[4,5,6,7,0,1,2], 8	-1
[7,8,1,2,3,4,5,6], 2	3
[4,5,1,2,3], 1	2
[1,2,3,4,5,6], 4	3
[3,4,5,6,1,2], 2	5
[5,1,2,3,4], 4	4
[1,2,3,4,5,6], 1	0
[3,4,5,6,7,1,2], 4	1
[8,1,2,3,4,5,6,7], 6	6
[6,7,1,2,3,4,5], 6	0
[4,5,6,7,8,1,2,3], 8	4
[7,1,2,3,4,5,6], 3	3
[6,7,1,2,3,4,5], 4	5
[7,1,2,3,4,5,6], 6	6
[4,5,6,7,1,2,3], 6	2
[4,5,6,7,8,1,2,3], 5	1
[1,2,3,4,5], 5	4
[5,1,2,3,4], 1	1
[2,3,4,5,6,7,8,1], 3	1
[4,5,6,7,8,9,1,2,3], 1	6
[9,1,2,3,4,5,6,7,8], 9	0
[1,2,3,4,5,6,7], 1	0
[4,5,6,7,8,1,2,3], 2	6
[2,3,4,5,6,7,8,9,1], 3	1
[4,5,6,7,1,2,3], 6	2
[6,7,1,2,3,4,5], 5	6
[6,7,8,1,2,3,4,5], 6	0
[9,1,2,3,4,5,6,7,8], 5	5
[4,5,6,7,8,1,2,3], 8	4
[6,1,2,3,4,5], 3	3
[5,1,2,3,4], 3	3
[4,5,1,2,3], 2	3
[6,7,8,1,2,3,4,5], 3	5
[1,2,3,4,5,6,7,8], 4	3
[5,1,2,3,4], 3	3
[6,1,2,3,4,5], 2	2
[2,3,4,5,6,7,8,9,1], 9	7
[1,2,3,4,5,6], 5	4
[3,4,5,1,2], 4	1
[2,3,4,5,1], 1	4
[5,6,7,8,9,1,2,3,4], 2	6
[8,1,2,3,4,5,6,7], 3	3
[1,2,3,4,5], 2	1
[2,3,4,5,6,7,1], 1	6
[9,1,2,3,4,5,6,7,8], 1	1
[3,4,5,6,7,8,1,2], 7	4
[4,5,6,7,1,2,3], 7	3
[4,5,6,7,1,2,3], 5	1
[2,3,4,5,6,7,8,1], 8	6
[3,4,5,6,7,8,1,2], 2	7
[1,2,3,4,5,6,7,8,9], 3	2
[9,0,2,7,8], 3	-1
[0,1,3,4,6,8,9], 5	-1
[0,1,6,7,8,9], 4	-1
[7,9,1,4,6], 5	-1
[7,8,9,3,4], 9	2
[7,8,9,0,1,3,4,5], 4	6
[3,9,1,2], 8	-1
[7,9,0,1,2,4,6], 7	0
[4,5,6,0,2,3], 8	-1
[5,6,0,2], 0	2
[9,1,2,3,4], 5	-1
[8,9,1,3,4,7], 3	3
[9,0,1,4,6], 2	-1
[7,0,5], 3	-1
[1,3,4,5,6,8], 9	-1
[1,2,3,6,7,9], 0	-1
[8,9,0,1,3,4,6], 7	-1
[4,5,6,7,8,1,3], 0	-1
[2,3,5,8,9], 9	4
[8,4,6,7], 7	3
[2,3,5,7,1], 6	-1
[2,4,7,9,0], 9	3
[4,5,8,9,2,3], 3	5
[8,9,2,3,4], 9	1
[5,8,9,1,3], 8	1
[0,2,5,6,7], 8	-1
[1,2,4,6], 1	0
[2,3,7,8,1], 5	-1
[9,0,5,7], 7	3
[3,4,6,7,0,1,2], 0	4
[0,1,4,5,8,9], 6	-1
[9,1,8], 9	0
[0,2,3,4,7,8,9], 7	4
[7,0,2,4,5], 1	-1
[2,3,5,6,8,9,0], 1	-1
[6,8,9,2,5], 8	1
[0,1,3,6,8], 2	-1
[3,6,7,9,0,1], 1	5
[7,8,0,1,2], 6	-1
[8,9,1,4,6], 9	1
[2,4,5,0,1], 5	2
[5,7,8,0,3,4], 7	1
[3,7,9,1,2], 0	-1
[6,7,8,1,4,5], 1	3
[7,0,1,4], 3	-1
[8,9,1,5,6,7], 5	3
[2,4,5,7,1], 0	-1
[6,7,8,0,1,3,5], 1	4
[7,8,9,0,6], 1	-1
[9,0,4,8], 0	1
[266,267,268,269,271,278,282,292,293,298,6,9,15,19,21,26,33,35,37,38,39,46,49,54,65,71,74,77,79,82,83,88,92,93,94,97,104,108,114,115,117,122,123,127,128,129,134,137,141,142,144,147,150,154,160,163,166,169,172,173,177,180,183,184,188,198,203,208,210,214,218,220,223,224,233,236,241,243,253,256,257,262,263], 208	67
[284,287,289,293,295,298,0,3,8,9,10,11,12,15,17,19,20,22,26,29,30,31,35,36,37,38,42,43,45,50,51,54,56,58,59,60,62,63,68,70,73,74,81,83,84,87,92,95,99,101,102,105,108,109,112,114,115,116,122,125,126,127,129,132,134,136,137,138,139,147,149,152,153,154,155,159,160,161,163,164,165,166,168,169,171,172,174,176,177,180,187,188,190,191,192,198,200,203,204,206,207,209,210,212,214,216,221,224,227,228,229,230,233,235,237,241,242,243,244,246,248,252,253,255,257,259,260,261,262,265,266,268,269,270,271,272,273,277,279,281], 235	113
[279,284,285,287,288,296,2,8,10,11,12,13,14,19,20,22,25,26,27,28,29,33,37,39,42,43,47,48,49,50,57,62,63,66,68,69,71,73,74,77,78,79,85,89,92,94,99,111,113,117,120,122,125,134,145,152,155,157,160,161,167,168,181,182,188,189,190,194,199,201,204,208,213,220,223,225,226,227,231,237,240,242,247,254,259,260,261,264,267,271,275], 298	-1
[57,58,59,62,63,66,68,72,73,74,75,76,77,78,80,81,86,95,96,97,98,100,101,102,103,110,119,120,121,123,125,126,127,132,136,144,145,148,149,151,152,160,161,163,166,168,169,170,173,174,175,178,182,188,189,192,193,196,198,199,200,201,202,212,218,219,220,224,225,229,231,232,234,237,238,242,248,249,250,252,253,254,255,257,260,266,268,270,273,276,280,281,283,288,290,291,292,294,295,298,299,4,10,13,15,16,17,18,20,22,25,26,27,30,31,34,38,39,40,47,53,54], 30	113
[150,151,152,156,158,159,160,161,162,167,169,170,171,177,180,183,184,186,189,191,197,200,203,205,210,215,216,219,221,222,233,236,237,238,239,246,247,250,254,257,260,261,262,269,275,279,283,284,286,287,288,289,290,294,295,298,1,5,6,9,10,13,15,16,20,25,27,28,34,37,41,42,43,46,48,51,53,54,59,61,65,67,72,76,78,79,81,83,85,91,92,94,95,102,103,105,106,111,113,118,120,122,123,126,141,148], 47	-1
[169,174,181,183,184,186,193,194,195,196,198,199,203,209,210,211,212,214,215,217,218,219,220,224,226,228,242,248,249,250,253,255,258,259,261,263,265,266,267,269,270,271,272,276,278,280,282,284,286,287,288,290,291,292,293,294,295,296,297,299,0,1,2,4,8,9,10,12,14,19,22,25,27,29,31,32,35,38,40,41,42,43,46,48,50,51,52,53,62,66,67,68,69,72,73,83,86,87,88,90,94,98,100,101,103,108,114,116,119,122,128,129,131,133,134,135,137,141,142,147,151,152,160,161,163,164,167,168], 216	-1
[68,69,70,71,72,74,75,77,82,84,90,91,92,93,94,102,104,105,106,107,109,110,111,112,113,114,121,122,123,124,125,127,129,131,132,137,139,142,143,149,151,154,162,166,167,170,172,176,177,179,184,185,187,188,189,193,195,198,202,204,205,206,208,210,211,212,215,221,222,227,230,231,232,235,236,238,239,240,246,247,249,250,253,255,256,261,263,266,267,270,271,273,274,275,276,277,278,280,281,282,285,286,287,289,295,297,299,0,4,7,10,12,15,18,19,24,27,29,30,32,34,35,36,37,41,42,43,44,45,48,52,53,55,65,67], 166	43
[49,64,66,67,68,69,71,74,76,78,83,86,91,93,94,96,97,106,113,116,118,119,120,121,122,123,125,126,129,131,132,141,142,144,146,147,156,157,167,170,171,172,178,183,185,188,191,192,196,209,210,211,213,221,226,228,230,233,235,236,237,242,243,246,247,250,251,252,256,261,266,267,272,275,286,289,291,296,299,0,7,8,9,14,16,21,35,37,41,44,45,47,48], 35	86
[283,287,288,294,295,299,0,1,2,6,12,14,17,20,24,26,33,35,38,42,46,48,50,53,56,57,58,64,66,67,69,72,75,76,78,80,81,82,83,84,90,92,93,95,99,104,108,109,112,117,122,123,124,126,130,144,145,147,152,160,164,166,168,172,173,174,176,180,181,182,183,187,188,192,195,196,197,199,200,203,207,208,212,214,217,219,222,234,239,240,241,242,245,246,248,252,254,255,256,258,262,264,266,267,269,272,273,274,280,281], 144	55
[165,166,167,170,171,172,173,175,177,179,180,183,185,190,193,198,199,201,202,207,209,211,213,216,217,221,224,225,228,235,240,241,242,245,249,254,255,256,258,261,267,271,273,274,275,276,285,286,290,291,294,295,297,299,0,1,2,3,4,5,6,7,13,18,20,22,28,29,30,31,33,34,36,40,42,43,46,51,53,55,57,59,60,61,64,67,68,71,76,77,78,80,83,87,88,91,92,94,99,103,108,112,114,115,118,119,120,121,122,123,124,125,128,129,131,134,136,139,142,143,145,146,148,153,154,155,156,157,159,160,161,162], 250	-1
[72,74,75,79,80,81,82,86,91,93,94,98,99,104,107,108,109,115,116,118,119,121,122,124,125,127,128,130,132,134,136,139,143,146,149,156,157,158,159,160,161,162,164,165,167,174,176,179,180,181,182,186,193,195,196,198,201,206,211,212,214,215,217,219,221,227,229,230,231,233,235,236,239,240,241,246,247,250,254,257,258,262,266,267,268,269,271,275,278,281,282,283,286,287,288,289,293,295,296,298,299,2,3,5,9,11,12,15,19,20,21,22,26,28,31,33,36,39,40,41,42,44,46,47,49,50,51,52,54,55,56,59,62,63,64,68,69], 238	-1
[20,21,23,24,27,31,32,34,35,37,40,42,43,44,45,49,50,51,53,55,56,58,60,62,68,70,73,76,79,80,81,83,85,95,96,97,101,103,105,107,108,114,115,123,127,128,130,133,135,136,144,146,149,153,154,157,158,159,160,161,166,173,175,177,179,180,184,185,193,195,196,197,198,200,203,205,207,208,209,211,213,214,215,216,217,218,220,224,226,227,228,229,230,233,234,240,245,246,252,253,254,255,256,257,259,270,271,272,279,282,283,284,288,291,292,293,294,296,5,6,7,9,15], 273	-1
[127,128,129,132,140,145,146,148,151,156,157,162,164,168,169,173,185,186,187,188,189,191,194,198,203,204,207,208,210,213,214,220,223,231,235,236,240,241,251,252,253,255,265,266,267,273,274,277,278,280,281,284,290,291,292,293,296,297,298,9,12,16,17,20,22,28,33,34,35,36,37,38,40,41,46,47,49,53,58,59,61,62,63,65,68,72,74,80,82,83,88,89,93,95,98,100,101,104,107,111,121,125], 276	-1
[111,114,120,122,123,126,128,129,135,137,142,143,144,150,151,152,153,154,160,163,165,166,167,168,172,173,177,185,189,192,193,200,204,208,213,222,223,225,243,244,245,249,250,252,258,264,265,268,271,273,274,275,276,280,283,285,286,289,290,293,295,297,1,3,20,23,26,28,30,33,34,39,45,49,52,57,58,59,60,63,81,83,87,92,95,109], 157	-1
[278,280,281,286,287,290,2,3,4,8,9,14,15,16,21,24,25,31,32,34,36,37,42,45,51,52,54,55,60,63,66,68,69,71,76,81,83,84,85,86,87,94,97,99,106,107,110,113,114,115,118,120,121,125,134,136,137,138,142,143,147,150,152,159,160,161,165,166,174,176,178,186,187,189,190,191,195,196,198,204,212,216,217,220,221,222,225,227,229,232,237,239,242,245,251,263,264,274,275,276,277], 286	3
[265,269,270,271,274,276,277,279,280,281,283,285,286,291,292,293,295,297,1,2,3,4,7,8,10,11,13,14,15,18,19,20,22,27,29,33,40,42,44,45,49,51,54,55,56,59,60,64,67,71,74,78,79,80,81,82,83,85,86,88,89,91,94,97,99,102,104,106,108,109,110,111,116,117,120,122,127,132,134,137,141,142,143,146,148,149,151,155,156,158,162,164,165,166,167,170,177,178,183,184,186,189,191,192,193,196,197,199,200,206,209,210,211,212,213,214,224,226,229,231,234,238,242,243,246,251,252,260,261,262], 101	-1
[282,283,290,295,296,297,298,1,7,8,9,11,12,15,17,21,27,28,38,43,45,50,51,52,55,59,61,66,75,82,84,85,86,87,96,101,103,105,114,117,119,120,122,123,132,138,140,145,151,152,156,157,159,163,164,165,170,172,184,187,188,189,190,193,201,204,205,206,208,215,216,217,225,232,234,241,244,248,249,252,261,262,264,265,268,271,272,279,280], 102	-1
[120,121,125,126,127,128,130,131,133,135,137,138,140,141,145,146,148,150,153,155,156,159,161,163,164,166,167,168,169,172,176,178,179,181,185,186,189,194,195,197,199,201,206,208,209,210,211,214,215,216,217,219,220,221,225,227,228,231,232,234,235,247,249,254,256,257,262,263,265,268,270,272,274,281,282,284,287,290,292,295,296,297,298,299,0,1,4,5,6,9,10,12,13,16,20,22,23,26,27,29,30,32,33,35,38,41,42,45,49,51,56,63,66,67,68,69,70,72,74,75,77,80,84,85,88,89,90,91,93,94,95,98,99,101,102,106,107,108,112,114,115,117,119], 154	-1
[113,114,115,116,117,118,123,124,127,129,130,133,134,142,143,147,148,149,150,151,152,154,155,158,159,160,161,164,165,166,174,175,177,178,179,180,181,183,185,187,190,192,193,194,196,199,200,201,203,205,206,207,208,209,210,215,216,218,220,221,223,224,228,230,231,235,236,242,245,247,250,251,257,259,261,262,263,264,265,269,271,273,277,279,280,281,282,283,285,286,288,290,293,295,296,297,0,2,4,8,9,10,11,12,15,17,20,21,22,23,24,27,29,33,35,36,37,39,43,45,48,49,52,54,55,60,64,67,68,72,73,75,76,79,85,87,88,91,94,97,99,100,101,102,103,104,105,107,108,110,112], 296	94
[201,205,206,214,221,228,234,235,236,237,238,242,246,248,252,259,268,269,272,275,280,284,287,288,295,298,2,9,15,16,19,20,21,23,25,26,29,30,31,32,37,40,46,48,49,50,59,62,63,69,72,76,80,82,85,100,110,111,113,116,123,125,127,129,130,138,140,143,148,151,155,160,161,165,166,170,171,176,179,182,183,187,188,189,192,194,195,198], 134	-1
[150,152,155,156,157,159,160,161,166,167,169,176,177,178,179,182,184,188,189,190,193,194,196,199,204,205,208,209,211,213,217,220,222,223,229,231,233,235,238,241,242,243,245,246,247,249,252,254,255,258,260,265,267,268,271,273,275,276,277,279,280,284,286,287,288,292,294,297,2,3,4,5,6,7,9,10,12,13,14,16,23,24,26,27,34,36,37,39,40,41,42,45,46,49,51,53,56,59,60,61,65,69,72,73,74,75,81,82,85,87,89,93,95,96,97,98,99,102,104,107,109,110,112,113,114,117,118,121,123,124,128,131,133,137,140,142,144,147], 290	-1
[193,194,198,199,200,204,207,212,214,217,221,225,227,230,231,232,233,235,237,245,247,252,260,262,263,264,265,271,276,284,285,287,296,297,4,9,21,24,25,27,28,29,30,36,40,45,50,55,63,64,65,77,79,100,102,103,107,111,114,118,120,123,126,130,132,134,135,139,142,143,146,147,149,150,151,152,153,157,162,167,170,173,174,176,179,182,183,184,187,189], 150	73
[188,193,194,200,201,208,212,217,221,228,232,233,234,237,239,244,249,250,253,258,263,264,267,271,272,277,279,282,284,287,289,293,295,299,0,3,6,11,13,18,20,21,24,25,26,29,32,36,41,42,47,50,53,54,56,58,60,61,63,67,72,73,75,77,78,79,81,83,84,87,90,92,94,95,110,112,119,120,123,130,135,138,146,149,159,165,166,170,171,173,174,177,183], 244	15
[145,156,158,160,161,162,165,169,171,173,174,175,178,180,181,182,183,185,190,191,192,193,196,198,199,201,203,204,205,212,213,214,220,222,225,226,230,233,237,238,240,241,245,247,255,256,257,258,260,262,264,265,270,273,275,277,278,280,281,283,285,289,291,292,293,297,0,1,2,8,11,14,17,20,22,23,28,29,34,38,40,42,43,45,52,53,54,55,58,59,62,63,64,65,66,70,73,75,76,79,80,81,82,85,86,91,93,94,97,101,102,103,105,107,108,115,117,118,120,127,128,129,135,136,137,138], 178	12
[239,243,244,245,246,247,251,252,253,258,260,261,264,265,266,267,268,270,271,272,273,274,276,277,281,284,285,286,290,292,293,296,297,1,4,6,7,8,11,12,13,14,16,19,20,21,22,26,27,28,32,35,37,39,40,41,42,43,45,46,47,49,50,53,54,55,58,61,70,71,75,76,80,81,84,86,88,94,95,96,99,104,105,110,114,115,118,119,127,128,129,130,131,132,135,137,138,139,141,142,143,144,148,150,151,153,157,158,159,162,171,175,178,181,187,191,192,195,197,199,200,201,203,206,207,210,211,213,215,216,217,223,224,226,231,233,234,235,236,237], 222	-1
[35,44,45,49,52,54,56,57,58,59,60,61,64,66,67,68,69,71,72,75,76,77,79,80,81,85,90,93,95,96,97,102,103,105,107,108,109,110,112,114,116,117,118,120,121,123,127,130,131,132,133,134,135,139,140,151,152,155,158,159,161,162,167,170,171,172,174,175,181,182,183,186,188,189,192,194,196,200,203,204,205,210,211,214,219,222,225,227,228,230,232,234,235,236,240,241,243,244,246,249,250,251,253,254,256,263,273,274,276,279,282,283,285,286,288,289,295,296,299,0,2,4,7,9,11,12,14,15,16,18,20,21,22,23,28,30,31,32], 171	64
[216,221,222,225,228,231,234,244,245,246,249,251,259,262,264,265,268,271,276,277,278,281,282,286,289,294,295,296,298,299,0,4,9,10,13,18,23,25,26,33,34,38,39,42,43,45,48,49,51,52,53,55,58,60,61,62,63,65,66,70,72,74,78,79,82,85,89,90,91,95,104,109,112,113,117,118,120,122,123,126,127,128,133,134,138,140,142,144,147,148,149,152,156,164,165,168,169,174,177,185,191,192,193,194,195,197,204,211,215], 0	30
[202,206,207,208,209,214,215,216,217,219,223,226,229,232,233,235,238,242,252,253,254,255,258,259,264,265,266,267,269,271,272,274,276,277,279,281,282,286,289,298,7,14,15,17,18,25,26,27,29,30,36,38,39,41,43,47,49,50,51,52,55,56,57,59,61,64,65,66,68,69,70,79,80,82,83,89,96,97,100,101,106,112,115,116,119,120,121,124,126,130,132,138,144,149,150,153,154,157,161,162,168,170,173,176,179,183,184,186,188,195,201], 55	60
[202,204,206,207,209,215,219,224,225,229,231,232,239,241,242,245,246,258,259,264,266,269,270,271,273,274,276,279,289,296,298,0,5,8,9,10,16,17,18,20,22,23,25,26,27,29,30,34,36,37,42,47,50,56,57,58,59,60,62,63,72,73,79,84,85,86,91,93,94,95,96,101,107,108,109,111,117,119,121,127,128,131,138,139,146,150,151,152,154,155,157,158,160,162,172,173,175,178,180,181,186,188,189,190,198,199,201], 229	9
[168,176,178,179,180,181,182,191,196,199,205,209,211,213,216,221,222,224,231,235,238,239,242,244,246,247,250,252,254,255,256,259,260,264,265,266,267,269,271,272,275,279,280,281,285,292,293,296,0,5,6,11,13,14,20,30,31,32,35,36,37,44,47,52,53,56,58,60,61,63,64,65,66,69,70,72,76,77,81,90,94,96,98,99,100,103,104,105,108,118,121,125,127,129,142,144,148,150,153,159,164,165], 103	85
[82,84,85,87,88,93,95,96,97,98,99,100,101,108,110,115,121,125,127,130,131,134,136,145,147,148,149,150,155,157,159,164,166,167,168,170,173,175,178,181,182,184,185,186,189,193,194,195,196,197,200,203,204,205,210,213,214,215,216,217,218,219,220,224,225,229,230,231,232,233,235,240,241,245,246,247,254,259,260,261,266,267,268,271,277,279,281,285,286,287,290,291,292,293,295,296,299,1,2,4,5,7,10,11,12,13,15,17,22,25,26,30,32,33,34,35,36,39,40,44,45,46,47,49,50,52,53,54,55,56,57,60,61,62,63,67,69,70,72,77], 254	76
[242,245,249,250,252,253,257,262,263,268,275,280,282,283,285,290,292,293,297,299,4,5,8,9,10,14,16,17,18,20,22,23,29,32,36,39,47,51,56,68,70,73,75,77,79,81,82,89,98,100,107,108,112,114,115,117,118,119,128,131,134,139,142,147,148,154,161,162,165,167,171,172,174,177,180,183,189,190,191,192,194,197,200,203,206,207,208,209,210,212,217,220,223,226,227,231,237], 54	-1
[85,89,93,95,101,102,103,104,108,109,112,114,115,116,117,118,119,120,121,125,127,130,132,133,134,138,147,148,150,153,157,161,162,169,172,176,177,178,180,186,187,188,189,190,193,194,198,199,200,202,203,204,205,206,207,208,211,213,214,217,219,221,223,225,226,227,234,235,239,240,241,243,249,250,251,254,255,258,259,260,262,267,275,276,277,278,287,288,289,290,291,292,293,296,297,299,0,1,3,6,8,10,11,13,16,18,19,20,22,23,25,26,27,29,31,32,34,35,37,39,45,46,50,52,54,56,57,58,59,63,64,67,68,69,73,74,76,77,81], 62	-1
[47,48,49,51,52,58,59,61,62,63,64,65,69,70,72,73,74,75,81,84,86,87,88,89,91,92,94,95,97,99,101,102,104,105,107,109,112,113,115,117,119,122,127,129,133,134,135,136,139,140,142,145,148,150,151,153,154,155,156,160,164,167,168,170,172,175,179,181,184,185,186,188,189,190,191,194,195,196,200,201,204,207,208,209,216,218,220,222,223,231,234,235,236,238,241,245,246,250,255,258,261,265,266,267,268,269,274,276,277,278,281,282,286,292,293,295,298,299,0,3,4,5,6,9,10,14,15,20,21,22,27,32,33,34,35,36,39,40], 87	21
[210,211,217,218,220,225,229,230,232,235,236,239,240,241,242,244,245,246,255,256,257,258,259,261,266,268,269,270,271,276,278,280,282,283,286,287,289,290,292,294,296,3,4,5,7,11,12,13,14,18,19,20,21,24,25,27,32,34,38,41,45,46,50,53,54,56,57,59,65,69,73,76,78,83,89,90,92,93,94,100,103,106,110,111,112,115,117,118,119,121,123,125,128,130,132,133,135,137,138,140,141,142,143,144,145,147,151,153,155,157,158,162,164,165,169,171,173,174,175,176,178,179,180,181,182,183,184,190,193,194,198,199,201,202,205,208], 248	-1
[4,5,7,8,11,14,17,19,22,23,24,25,26,29,31,32,33,34,35,37,42,43,44,46,49,52,53,54,56,59,60,61,66,67,70,72,73,75,78,80,82,84,85,89,91,98,101,104,105,106,107,111,114,122,123,125,128,134,139,140,145,146,148,150,151,152,155,156,159,160,163,168,178,181,182,185,186,187,189,191,194,197,203,207,208,213,214,217,220,221,222,223,225,229,230,231,233,237,238,241,243,244,249,250,251,254,259,260,263,264,266,267,271,273,274,276,278,280,281,282,284,287,289,291,292,293,296,297,298,0,1,2], 59	29
[121,123,126,129,130,131,139,141,146,148,150,151,153,154,155,158,159,163,165,168,171,172,173,175,178,180,181,183,185,186,190,199,200,206,208,212,213,214,217,219,223,225,232,233,243,244,247,250,251,253,256,259,264,266,269,272,275,276,277,279,282,283,288,290,292,0,3,8,9,12,14,15,18,25,28,32,35,38,39,40,46,49,50,51,52,55,59,60,61,63,66,67,74,75,76,83,86,88,89,91,96,97,103,104,105,107,110,111,115,116,117,119], 154	13
[81,84,85,86,87,88,90,92,93,95,96,97,100,101,102,104,105,106,110,111,116,120,121,122,124,125,133,134,135,141,144,147,148,151,152,155,157,158,159,160,164,170,171,172,174,175,177,178,180,181,184,185,188,189,190,191,196,197,198,199,205,206,209,211,214,215,217,219,220,222,223,224,226,227,230,233,235,236,237,239,241,242,243,245,246,248,250,253,262,264,265,271,273,277,278,281,285,286,287,288,290,292,293,295,297,299,0,3,4,8,16,19,21,23,27,28,31,32,35,37,42,52,53,55,56,59,60,61,63,64,65,66,67,69,74,77], 145	-1
[67,71,78,79,81,84,89,93,94,95,97,98,100,104,109,112,113,115,116,118,119,120,122,123,126,130,131,133,137,143,147,149,153,155,157,159,161,163,164,168,173,175,179,181,183,185,187,188,189,191,192,193,194,195,197,200,201,203,206,210,211,214,216,219,220,221,224,226,227,237,238,239,240,241,242,243,246,250,251,253,261,263,267,269,271,272,273,281,282,283,285,286,289,297,298,0,5,10,11,13,15,19,20,26,28,31,36,39,40,46,49,52,53,57,59,62,64], 273	86
[9,12,16,17,20,21,22,24,25,26,31,32,33,36,46,51,55,58,60,61,62,63,65,66,67,69,74,76,77,78,79,80,83,86,87,88,89,93,97,98,100,101,104,110,111,112,113,114,120,122,125,126,128,132,133,140,142,146,147,148,149,152,154,157,159,162,163,164,166,173,174,175,178,179,181,185,189,190,195,196,199,201,202,204,205,206,211,222,226,228,230,231,233,234,237,239,241,246,248,250,251,255,257,258,259,260,263,264,265,269,270,272,273,275,278,279,281,284,286,291,294,295,0,1,3,7,8], 107	-1
[112,119,122,130,134,142,145,148,149,152,155,161,163,165,167,168,169,171,173,174,182,183,184,185,186,192,198,202,203,205,206,208,211,213,215,216,218,225,226,228,230,237,239,241,247,248,251,253,254,255,259,263,266,268,276,283,284,287,289,290,293,294,296,298,299,1,5,6,7,9,10,15,18,21,22,23,26,27,30,31,33,36,40,44,46,50,59,67,68,73,79,82,90,92,94,97,100,102,104,106,107], 108	-1
[66,67,68,72,73,75,79,82,83,85,86,88,90,92,96,100,104,106,107,108,113,114,115,116,117,118,120,121,123,124,128,132,140,144,145,146,147,150,161,162,164,165,166,169,170,173,175,176,179,182,186,189,196,197,203,205,206,209,211,215,218,220,222,225,228,230,232,235,237,238,239,248,253,254,257,262,263,272,274,276,278,281,285,289,293,298,1,4,6,8,9,12,14,15,16,23,24,29,31,32,34,37,39,40,49,51,55,57,58,59,61,63,64,65], 126	-1
[228,234,235,236,238,239,240,241,242,243,245,248,250,253,256,257,258,260,261,262,263,264,266,268,271,272,275,276,279,280,281,282,283,284,285,287,289,291,294,295,1,6,7,8,9,10,11,13,14,15,17,18,19,20,21,22,23,25,28,30,31,36,41,43,46,48,51,52,53,54,58,59,60,62,64,66,68,72,73,77,85,86,89,92,94,95,97,98,101,105,108,112,116,118,120,121,122,124,125,127,128,129,130,131,132,135,137,139,140,142,145,147,149,152,154,156,157,158,159,168,169,170,171,172,176,178,182,185,188,190,195,200,201,202,203,204,206,208,210,212,216,219,224,226], 266	22
[252,258,261,262,263,264,265,266,267,268,270,271,273,276,279,280,281,284,285,286,288,291,292,293,299,1,4,7,11,13,17,18,20,21,24,25,31,32,34,35,37,38,40,43,44,45,46,49,56,57,58,59,60,62,64,65,66,69,70,71,72,73,75,79,80,82,84,86,88,93,95,97,100,101,103,104,105,106,112,113,116,119,120,124,128,131,134,135,140,141,142,143,146,148,149,151,152,153,154,156,163,164,165,173,175,178,181,182,184,185,186,187,188,189,191,199,201,202,203,204,207,209,211,213,215,216,217,219,222,225,226,227,229,230,232,235,238,242,243,244,245,246,250], 231	-1
[127,133,136,138,140,143,149,151,158,160,162,165,166,167,170,171,172,175,178,181,185,186,188,194,197,198,203,207,209,210,217,218,223,225,228,230,234,241,242,245,247,248,249,250,252,254,255,258,259,263,266,267,268,272,273,274,276,277,281,283,289,290,293,295,297,3,7,8,11,14,15,18,22,24,27,31,34,37,40,41,45,48,49,53,54,60,67,68,69,71,74,78,83,84,86,88,89,91,92,93,96,100,101,102,104,105,109,114,116,118,121,123,126], 270	-1
[99,104,105,106,107,109,110,111,112,116,125,133,137,145,153,155,159,162,164,166,167,168,172,174,175,181,184,186,188,200,201,204,208,212,215,219,220,221,225,232,233,235,236,240,241,249,252,257,260,266,272,274,276,277,279,280,294,296,298,3,5,7,8,9,14,21,25,30,32,34,36,37,40,41,43,52,54,55,56,61,64,67,73,75,76,83,84,86,88,89,91,97], 12	-1
[72,73,75,76,77,81,82,85,86,87,88,89,95,99,100,101,103,106,107,109,112,114,116,117,118,119,120,121,122,128,129,130,132,133,134,137,138,140,143,145,148,149,150,151,152,153,154,155,156,161,163,164,168,171,176,177,181,182,185,186,190,192,194,195,196,203,206,207,208,209,213,215,216,219,220,221,222,224,226,227,228,231,232,234,235,239,244,245,252,253,255,256,258,259,261,263,264,265,267,271,274,276,278,280,282,286,288,289,291,292,293,298,299,5,6,11,15,19,21,22,25,27,30,31,32,34,35,36,38,39,42,44,45,46,48,49,52,55,57,58,60,61,62,63,66,67,68], 115	-1
[258,260,265,266,268,269,271,275,276,278,280,282,287,288,289,293,2,4,5,9,16,23,24,25,26,27,28,36,37,46,47,52,55,56,60,63,67,71,74,75,76,79,80,81,82,92,97,99,103,104,106,109,111,112,117,121,125,131,133,136,141,142,143,144,154,160,161,168,169,179,187,190,201,202,204,206,208,209,211,213,218,220,222,224,225,226,229,230,231,234,240,241,242,243,244,245,247,249,252,253,254,257], 81	43
[147,149,151,154,157,159,160,166,167,169,171,175,180,183,186,187,188,191,193,196,205,206,207,213,214,215,216,218,220,222,223,225,228,234,235,236,240,241,242,243,247,249,253,255,256,257,261,263,267,268,270,271,273,277,279,280,282,286,289,291,294,295,296,297,298,1,5,7,8,9,15,22,26,28,30,37,39,41,42,43,45,50,51,55,56,57,58,60,61,64,66,68,69,70,75,76,78,79,80,84,85,86,87,91,94,95,98,99,101,103,104,110,112,114,119,120,121,126,127,128,129,131,134,135,139,140,141,143,146], 145	-1
[279,280,291,294,295,296,297,298,0,1,4,9,11,13,15,18,21,22,28,31,32,38,42,44,45,51,53,55,57,60,67,74,75,76,83,87,92,95,96,98,102,104,109,110,114,116,117,129,131,139,145,149,150,151,153,154,155,159,160,162,164,188,190,192,196,200,202,206,209,215,223,224,227,228,234,240,241,249,253,255,257,259,265,268,271], 185	-1
[3971,3972,3979,3981,3984,3986,3987,3988,3989,4000,4002,4003,4004,4008,4012,4016,4020,4021,4022,4023,4026,4028,4031,4041,4044,4047,4049,4056,4058,4061,4063,4070,4075,4077,4078,4080,4082,4089,4090,4092,4094,4099,4103,4104,4113,4115,4120,4122,4123,4128,4129,4132,4133,4134,4139,4146,4147,4148,4149,4151,4153,4154,4155,4157,4159,4160,4161,4162,4164,4165,4176,4178,4181,4182,4183,4184,4185,4186,4189,4190,4192,4193,4196,4197,4201,4202,4203,4204,4209,4215,4216,4218,4221,4222,4225,4226,4227,4231,4232,4237,4241,4243,4246,4248,4249,4251,4252,4256,4257,4258,4259,4260,4261,4262,4263,4264,4273,4275,4276,4278,4281,4284,4285,4289,4291,4293,4301,4302,4305,4308,4309,4312,4315,4316,4320,4326,4327,4330,4335,4340,4346,4347,4348,4349,4352,4353,4354,4359,4360,4364,4367,4368,4372,4375,4376,4380,4382,4391,4393,4395,4396,4398,4399,4402,4410,4411,4414,4415,4425,4427,4433,4435,4436,4437,4438,4442,4447,4453,4454,4459,4460,4462,4463,4464,4465,4466,4469,4470,4473,4474,4475,4476,4478,4479,4484,4487,4488,4489,4490,4492,4494,4501,4508,4510,4512,4514,4515,4516,4526,4527,4529,4533,4536,4537,4538,4539,4547,4548,4550,4554,4556,4559,4560,4562,4564,4565,4567,4570,4575,4576,4578,4579,4581,4585,4586,4588,4589,4591,4593,4594,4598,4599,4600,4601,4602,4606,4607,4611,4613,4619,4622,4623,4624,4625,4627,4629,4636,4641,4642,4644,4645,4646,4653,4654,4656,4657,4658,4661,4662,4665,4667,4668,4670,4671,4672,4673,4674,4676,4677,4679,4680,4681,4685,4687,4691,4692,4693,4694,4702,4703,4708,4711,4714,4726,4729,4730,4732,4734,4735,4736,4739,4741,4742,4750,4753,4757,4759,4760,4761,4762,4765,4766,4768,4769,4770,4771,4772,4773,4775,4781,4783,4784,4787,4789,4792,4794,4795,4796,4799,4801,4803,4808,4810,4811,4813,4816,4819,4821,4824,4825,4826,4827,4829,4831,4835,4838,4843,4845,4849,4850,4851,4853,4855,4857,4859,4861,4863,4865,4868,4874,4875,4876,4881,4883,4884,4887,4888,4890,4893,4894,4895,4903,4906,4909,4911,4914,4919,4920,4923,4924,4925,4926,4927,4929,4934,4937,4939,4940,4942,4943,4945,4947,4948,4954,4956,4957,4958,4959,4960,4964,4967,4969,4970,4972,4975,4976,4978,4981,4983,4985,4989,4990,4993,4994,4996,4998,-5000,-4997,-4996,-4995,-4993,-4984,-4983,-4978,-4975,-4974,-4973,-4972,-4971,-4969,-4962,-4961,-4960,-4959,-4956,-4951,-4950,-4948,-4946,-4945,-4941,-4940,-4938,-4937,-4936,-4933,-4932,-4931,-4928,-4927,-4922,-4915,-4914,-4911,-4907,-4901,-4900,-4894,-4893,-4887,-4886,-4885,-4884,-4881,-4880,-4878,-4877,-4875,-4874,-4872,-4867,-4866,-4861,-4860,-4857,-4856,-4853,-4852,-4851,-4850,-4848,-4846,-4843,-4842,-4839,-4836,-4835,-4833,-4830,-4823,-4821,-4819,-4818,-4817,-4815,-4814,-4805,-4804,-4802,-4800,-4799,-4798,-4797,-4792,-4790,-4788,-4787,-4784,-4782,-4781,-4779,-4777,-4773,-4772,-4769,-4766,-4763,-4760,-4759,-4754,-4753,-4750,-4749,-4748,-4746,-4743,-4742,-4741,-4739,-4738,-4737,-4730,-4729,-4728,-4724,-4723,-4719,-4718,-4716,-4712,-4706,-4704,-4703,-4700,-4698,-4697,-4685,-4684,-4679,-4677,-4675,-4673,-4668,-4666,-4665,-4663,-4660,-4657,-4654,-4651,-4650,-4649,-4646,-4639,-4636,-4635,-4633,-4632,-4626,-4624,-4620,-4619,-4618,-4615,-4612,-4610,-4607,-4605,-4602,-4599,-4588,-4586,-4584,-4580,-4579,-4576,-4574,-4570,-4569,-4567,-4566,-4564,-4562,-4561,-4558,-4557,-4556,-4553,-4546,-4545,-4544,-4543,-4536,-4534,-4531,-4530,-4528,-4526,-4524,-4522,-4519,-4516,-4512,-4509,-4507,-4501,-4499,-4498,-4497,-4496,-4492,-4488,-4487,-4484,-4483,-4479,-4477,-4476,-4471,-4470,-4463,-4462,-4459,-4453,-4452,-4449,-4446,-4445,-4443,-4441,-4440,-4438,-4437,-4435,-4432,-4431,-4420,-4418,-4416,-4414,-4413,-4410,-4407,-4406,-4405,-4403,-4402,-4400,-4395,-4393,-4383,-4378,-4376,-4371,-4370,-4369,-4368,-4367,-4366,-4360,-4359,-4356,-4355,-4350,-4348,-4346,-4343,-4339,-4338,-4329,-4328,-4323,-4317,-4316,-4315,-4312,-4311,-4309,-4306,-4305,-4304,-4302,-4301,-4297,-4293,-4290,-4287,-4284,-4282,-4281,-4280,-4275,-4272,-4271,-4269,-4268,-4266,-4262,-4261,-4258,-4257,-4253,-4250,-4246,-4242,-4241,-4240,-4236,-4234,-4231,-4230,-4228,-4226,-4225,-4224,-4221,-4220,-4218,-4214,-4211,-4210,-4208,-4207,-4203,-4198,-4197,-4195,-4191,-4189,-4184,-4181,-4180,-4176,-4175,-4174,-4173,-4172,-4170,-4164,-4159,-4155,-4154,-4153,-4152,-4150,-4145,-4142,-4136,-4127,-4126,-4125,-4124,-4123,-4121,-4120,-4115,-4114,-4113,-4112,-4109,-4107,-4104,-4096,-4091,-4089,-4088,-4086,-4083,-4082,-4079,-4077,-4076,-4072,-4070,-4069,-4066,-4064,-4060,-4057,-4056,-4053,-4051,-4045,-4043,-4040,-4037,-4035,-4034,-4033,-4029,-4027,-4023,-4021,-4019,-4017,-4015,-4012,-4003,-4002,-4000,-3998,-3995,-3994,-3992,-3990,-3988,-3984,-3982,-3980,-3979,-3968,-3965,-3962,-3961,-3960,-3959,-3958,-3955,-3951,-3950,-3948,-3946,-3941,-3940,-3939,-3938,-3934,-3924,-3921,-3920,-3919,-3918,-3915,-3909,-3906,-3905,-3900,-3899,-3898,-3897,-3893,-3888,-3885,-3884,-3883,-3881,-3877,-3876,-3874,-3872,-3871,-3866,-3865,-3862,-3857,-3854,-3852,-3850,-3848,-3846,-3844,-3843,-3841,-3840,-3839,-3837,-3836,-3835,-3834,-3833,-3830,-3829,-3826,-3825,-3824,-3823,-3819,-3808,-3805,-3802,-3799,-3797,-3795,-3790,-3789,-3782,-3779,-3771,-3770,-3767,-3762,-3761,-3758,-3746,-3740,-3739,-3732,-3731,-3724,-3723,-3722,-3711,-3710,-3707,-3706,-3704,-3698,-3695,-3694,-3689,-3688,-3687,-3686,-3685,-3683,-3682,-3681,-3678,-3676,-3673,-3672,-3671,-3669,-3668,-3667,-3664,-3663,-3660,-3657,-3655,-3653,-3651,-3649,-3646,-3635,-3633,-3629,-3623,-3620,-3617,-3615,-3609,-3608,-3604,-3602,-3601,-3597,-3595,-3594,-3593,-3591,-3590,-3589,-3588,-3587,-3583,-3580,-3576,-3573,-3569,-3564,-3563,-3561,-3552,-3547,-3546,-3540,-3537,-3532,-3531,-3530,-3529,-3528,-3523,-3522,-3516,-3515,-3514,-3512,-3510,-3509,-3507,-3503,-3500,-3498,-3495,-3493,-3486,-3485,-3475,-3470,-3469,-3467,-3466,-3465,-3464,-3463,-3461,-3453,-3445,-3441,-3437,-3436,-3427,-3424,-3418,-3416,-3415,-3411,-3407,-3406,-3404,-3400,-3399,-3398,-3396,-3395,-3394,-3392,-3391,-3389,-3388,-3387,-3386,-3381,-3380,-3377,-3375,-3374,-3371,-3370,-3369,-3368,-3366,-3365,-3363,-3362,-3361,-3358,-3357,-3354,-3351,-3350,-3346,-3344,-3337,-3336,-3335,-3334,-3333,-3330,-3327,-3324,-3322,-3318,-3314,-3311,-3310,-3309,-3305,-3304,-3303,-3302,-3301,-3298,-3297,-3296,-3295,-3294,-3293,-3290,-3287,-3282,-3279,-3277,-3273,-3272,-3265,-3262,-3261,-3259,-3258,-3257,-3255,-3253,-3252,-3250,-3247,-3243,-3237,-3235,-3232,-3231,-3230,-3228,-3227,-3226,-3224,-3221,-3220,-3219,-3213,-3211,-3208,-3203,-3202,-3201,-3199,-3197,-3196,-3195,-3194,-3191,-3182,-3181,-3174,-3173,-3172,-3167,-3166,-3163,-3161,-3160,-3159,-3158,-3150,-3148,-3147,-3146,-3145,-3144,-3143,-3142,-3135,-3132,-3131,-3130,-3126,-3122,-3121,-3118,-3117,-3112,-3109,-3102,-3099,-3098,-3096,-3094,-3093,-3092,-3089,-3087,-3085,-3083,-3072,-3067,-3066,-3065,-3064,-3063,-3056,-3054,-3053,-3051,-3050,-3048,-3046,-3045,-3044,-3036,-3033,-3029,-3028,-3018,-3017,-3016,-3012,-3003,-3002,-3001,-2997,-2996,-2992,-2991,-2986,-2985,-2982,-2981,-2979,-2978,-2976,-2973,-2972,-2971,-2967,-2964,-2961,-2959,-2958,-2957,-2950,-2949,-2948,-2947,-2943,-2942,-2939,-2933,-2930,-2929,-2927,-2924,-2923,-2922,-2919,-2917,-2915,-2914,-2913,-2910,-2906,-2902,-2901,-2899,-2898,-2897,-2896,-2893,-2891,-2888,-2887,-2884,-2881,-2879,-2877,-2876,-2875,-2874,-2872,-2870,-2867,-2866,-2864,-2863,-2859,-2857,-2854,-2850,-2848,-2846,-2844,-2840,-2836,-2835,-2834,-2833,-2826,-2825,-2824,-2823,-2822,-2818,-2817,-2813,-2812,-2810,-2807,-2806,-2804,-2803,-2801,-2799,-2796,-2795,-2793,-2792,-2791,-2790,-2778,-2775,-2774,-2768,-2766,-2765,-2764,-2763,-2760,-2758,-2757,-2753,-2746,-2744,-2742,-2739,-2736,-2734,-2733,-2732,-2727,-2724,-2723,-2722,-2721,-2719,-2718,-2716,-2715,-2706,-2705,-2704,-2699,-2697,-2696,-2695,-2693,-2691,-2690,-2689,-2688,-2681,-2677,-2676,-2675,-2672,-2670,-2668,-2665,-2664,-2663,-2661,-2660,-2659,-2658,-2656,-2655,-2649,-2646,-2644,-2640,-2634,-2633,-2630,-2628,-2626,-2624,-2622,-2616,-2610,-2602,-2601,-2599,-2598,-2596,-2593,-2586,-2585,-2584,-2581,-2580,-2577,-2574,-2573,-2572,-2567,-2566,-2562,-2558,-2557,-2552,-2549,-2544,-2543,-2539,-2535,-2533,-2532,-2531,-2530,-2528,-2524,-2520,-2518,-2514,-2508,-2497,-2493,-2491,-2487,-2479,-2476,-2474,-2473,-2471,-2466,-2460,-2455,-2453,-2452,-2451,-2446,-2442,-2439,-2437,-2436,-2434,-2431,-2416,-2412,-2411,-2408,-2406,-2402,-2397,-2396,-2395,-2393,-2390,-2388,-2385,-2384,-2382,-2379,-2376,-2375,-2374,-2373,-2367,-2365,-2364,-2363,-2362,-2355,-2354,-2351,-2350,-2349,-2348,-2347,-2342,-2341,-2337,-2335,-2332,-2330,-2328,-2327,-2325,-2322,-2318,-2316,-2315,-2314,-2313,-2312,-2308,-2305,-2302,-2298,-2295,-2294,-2293,-2292,-2290,-2288,-2287,-2284,-2282,-2280,-2279,-2277,-2276,-2271,-2270,-2263,-2261,-2259,-2255,-2246,-2245,-2244,-2243,-2240,-2239,-2237,-2236,-2235,-2234,-2232,-2231,-2230,-2225,-2223,-2222,-2220,-2219,-2215,-2214,-2211,-2210,-2208,-2207,-2203,-2200,-2197,-2191,-2181,-2178,-2173,-2172,-2171,-2169,-2167,-2164,-2162,-2160,-2158,-2157,-2155,-2154,-2151,-2150,-2144,-2143,-2142,-2141,-2140,-2133,-2132,-2131,-2125,-2124,-2120,-2119,-2118,-2110,-2109,-2108,-2107,-2106,-2105,-2103,-2102,-2100,-2099,-2097,-2096,-2093,-2092,-2091,-2090,-2089,-2085,-2076,-2074,-2073,-2072,-2070,-2062,-2061,-2059,-2055,-2054,-2052,-2049,-2047,-2042,-2041,-2040,-2039,-2038,-2037,-2035,-2032,-2027,-2026,-2025,-2022,-2021,-2019,-2015,-2013,-2010,-2008,-2004,-2003,-2002,-2000,-1995,-1993,-1987,-1982,-1979,-1976,-1975,-1974,-1968,-1967,-1966,-1965,-1962,-1958,-1957,-1955,-1954,-1953,-1952,-1951,-1950,-1949,-1948,-1947,-1945,-1944,-1943,-1940,-1937,-1935,-1933,-1926,-1923,-1919,-1917,-1915,-1912,-1910,-1906,-1904,-1903,-1901,-1900,-1898,-1897,-1894,-1891,-1888,-1885,-1879,-1877,-1874,-1871,-1868,-1866,-1865,-1863,-1861,-1860,-1857,-1855,-1853,-1851,-1848,-1847,-1846,-1839,-1837,-1836,-1828,-1827,-1825,-1821,-1820,-1819,-1817,-1815,-1814,-1813,-1812,-1807,-1805,-1802,-1801,-1800,-1799,-1795,-1794,-1788,-1785,-1784,-1783,-1781,-1779,-1777,-1775,-1773,-1772,-1769,-1768,-1764,-1763,-1761,-1759,-1756,-1755,-1753,-1752,-1748,-1747,-1746,-1742,-1738,-1736,-1735,-1734,-1732,-1731,-1730,-1727,-1724,-1720,-1718,-1717,-1716,-1713,-1710,-1709,-1708,-1707,-1705,-1704,-1703,-1698,-1695,-1692,-1691,-1690,-1689,-1688,-1685,-1684,-1683,-1681,-1679,-1676,-1671,-1661,-1656,-1654,-1648,-1646,-1644,-1640,-1638,-1637,-1632,-1629,-1628,-1626,-1625,-1624,-1622,-1616,-1615,-1614,-1613,-1612,-1611,-1608,-1604,-1603,-1602,-1601,-1598,-1596,-1594,-1591,-1588,-1587,-1586,-1585,-1581,-1580,-1579,-1578,-1577,-1573,-1572,-1571,-1570,-1569,-1568,-1567,-1565,-1564,-1563,-1562,-1561,-1559,-1558,-1557,-1556,-1554,-1550,-1549,-1547,-1546,-1545,-1544,-1542,-1541,-1532,-1523,-1517,-1516,-1515,-1512,-1505,-1504,-1502,-1499,-1497,-1496,-1495,-1493,-1487,-1486,-1483,-1482,-1481,-1479,-1474,-1469,-1468,-1466,-1463,-1460,-1458,-1456,-1455,-1450,-1448,-1444,-1443,-1439,-1438,-1437,-1434,-1431,-1430,-1429,-1426,-1423,-1422,-1421,-1418,-1408,-1403,-1399,-1398,-1393,-1391,-1386,-1385,-1383,-1379,-1378,-1377,-1374,-1372,-1370,-1367,-1366,-1364,-1358,-1357,-1355,-1353,-1348,-1345,-1343,-1339,-1336,-1333,-1330,-1328,-1326,-1325,-1324,-1323,-1319,-1318,-1317,-1315,-1314,-1313,-1312,-1310,-1309,-1306,-1304,-1303,-1301,-1294,-1293,-1290,-1288,-1285,-1284,-1283,-1282,-1279,-1274,-1268,-1267,-1264,-1260,-1259,-1258,-1257,-1256,-1253,-1248,-1246,-1244,-1237,-1236,-1233,-1232,-1231,-1229,-1226,-1225,-1222,-1219,-1216,-1210,-1207,-1206,-1203,-1199,-1197,-1196,-1194,-1193,-1192,-1190,-1183,-1180,-1177,-1171,-1169,-1168,-1167,-1165,-1158,-1157,-1156,-1154,-1152,-1148,-1147,-1146,-1145,-1144,-1143,-1142,-1140,-1138,-1136,-1135,-1132,-1126,-1121,-1116,-1115,-1110,-1108,-1100,-1096,-1092,-1085,-1084,-1083,-1082,-1081,-1080,-1078,-1074,-1073,-1070,-1068,-1064,-1063,-1055,-1052,-1045,-1044,-1043,-1041,-1040,-1037,-1035,-1031,-1029,-1027,-1026,-1025,-1022,-1018,-1012,-1011,-1010,-1008,-1006,-1002,-998,-994,-992,-988,-985,-983,-982,-981,-980,-978,-976,-969,-967,-966,-965,-960,-959,-957,-956,-952,-950,-949,-948,-946,-945,-944,-943,-941,-936,-935,-934,-932,-931,-928,-924,-921,-919,-918,-908,-907,-906,-905,-904,-902,-898,-896,-895,-890,-887,-884,-883,-879,-877,-876,-875,-874,-873,-870,-869,-868,-862,-858,-855,-853,-851,-850,-847,-846,-845,-841,-840,-839,-836,-833,-831,-830,-827,-824,-819,-818,-817,-813,-812,-807,-806,-804,-802,-799,-798,-795,-786,-784,-783,-780,-775,-773,-772,-771,-770,-769,-766,-762,-758,-756,-755,-754,-750,-748,-745,-738,-730,-729,-727,-726,-725,-714,-713,-711,-710,-705,-703,-702,-701,-700,-697,-696,-695,-684,-681,-679,-678,-676,-675,-669,-665,-663,-661,-660,-659,-658,-657,-655,-650,-649,-646,-644,-641,-640,-638,-635,-632,-625,-624,-623,-618,-617,-611,-609,-608,-607,-606,-603,-600,-599,-595,-594,-593,-591,-589,-587,-585,-581,-580,-577,-576,-572,-566,-561,-560,-559,-554,-553,-551,-550,-543,-542,-532,-528,-527,-523,-519,-516,-515,-513,-512,-508,-507,-506,-504,-502,-501,-499,-498,-494,-493,-488,-486,-483,-481,-480,-478,-476,-475,-471,-469,-468,-467,-464,-459,-458,-451,-448,-443,-442,-439,-438,-435,-433,-430,-429,-428,-426,-425,-419,-418,-417,-416,-413,-412,-410,-409,-404,-403,-401,-400,-398,-397,-396,-391,-389,-388,-385,-381,-379,-378,-376,-375,-373,-372,-366,-365,-364,-362,-358,-357,-353,-352,-351,-348,-346,-345,-344,-343,-341,-337,-334,-333,-331,-326,-323,-321,-319,-318,-316,-313,-302,-300,-297,-295,-294,-293,-290,-288,-280,-275,-274,-268,-267,-264,-263,-261,-260,-259,-258,-257,-254,-253,-251,-250,-249,-245,-242,-240,-236,-235,-231,-230,-229,-226,-220,-219,-218,-214,-213,-212,-203,-199,-198,-190,-189,-186,-185,-183,-181,-177,-172,-168,-166,-164,-163,-162,-161,-157,-155,-147,-145,-141,-140,-139,-136,-134,-132,-130,-129,-126,-125,-122,-121,-120,-118,-115,-111,-110,-108,-103,-102,-101,-100,-97,-93,-92,-90,-87,-85,-82,-79,-74,-73,-71,-69,-67,-65,-63,-58,-56,-54,-53,-47,-46,-45,-41,-40,-38,-33,-31,-29,-28,-27,-23,-21,-19,-17,-16,-13,-11,-10,-7,-5,-4,-3,1,3,4,6,7,9,10,11,12,13,14,15,17,18,23,24,29,30,35,40,42,46,51,52,56,57,58,59,60,62,63,64,65,66,69,70,73,75,76,77,79,81,83,84,86,87,88,89,94,96,100,101,105,106,107,111,112,115,122,125,130,132,133,134,135,137,139,141,142,145,147,151,156,158,159,161,162,165,166,168,174,175,177,179,180,181,188,189,190,194,195,198,201,206,207,208,210,211,214,227,230,232,237,238,239,241,243,245,248,251,254,258,266,267,268,271,274,275,277,278,286,289,295,296,299,301,303,308,309,311,313,314,315,316,321,322,323,326,329,333,336,337,340,345,350,352,356,361,363,364,366,368,369,372,377,379,380,381,385,387,388,390,393,398,400,403,419,422,426,428,429,430,431,433,434,437,439,442,443,445,449,450,454,457,460,462,463,464,465,466,472,473,474,475,480,484,486,487,491,496,499,500,501,503,504,506,507,509,510,516,517,520,525,528,529,530,531,532,533,536,539,541,543,545,547,549,551,554,555,557,558,559,566,567,577,581,591,592,596,597,599,600,602,603,606,607,609,611,612,613,615,616,619,620,622,625,628,631,633,638,639,640,653,654,663,665,666,669,670,673,675,680,682,684,685,687,691,694,696,700,701,703,707,709,710,711,713,715,716,717,719,721,723,725,726,727,733,734,735,738,739,741,742,743,744,747,748,751,753,754,755,757,758,762,766,768,769,773,778,783,786,788,794,798,800,805,807,808,817,818,823,824,826,830,833,836,838,840,844,845,848,850,854,856,858,859,860,863,865,870,871,876,878,879,880,883,889,891,894,901,903,904,916,918,920,921,922,923,924,929,930,932,933,934,936,939,940,943,946,950,954,960,964,966,967,972,973,978,980,982,984,988,989,995,996,1000,1004,1006,1007,1009,1010,1011,1013,1016,1024,1026,1029,1031,1033,1035,1036,1039,1040,1043,1044,1046,1047,1050,1057,1059,1060,1061,1063,1075,1077,1079,1083,1085,1087,1088,1095,1097,1098,1101,1103,1110,1111,1112,1113,1114,1115,1116,1117,1119,1122,1123,1124,1125,1126,1135,1137,1138,1141,1143,1144,1146,1149,1151,1160,1162,1166,1167,1169,1170,1174,1183,1184,1188,1190,1198,1199,1204,1206,1207,1208,1209,1210,1212,1214,1217,1219,1220,1221,1223,1225,1229,1230,1231,1232,1237,1240,1243,1245,1246,1247,1248,1249,1251,1253,1256,1259,1261,1273,1279,1280,1283,1284,1285,1286,1287,1288,1289,1290,1291,1299,1300,1301,1302,1303,1305,1308,1310,1311,1312,1314,1315,1316,1318,1320,1322,1323,1324,1329,1332,1338,1339,1341,1342,1343,1344,1345,1346,1350,1351,1355,1356,1357,1358,1359,1361,1362,1365,1367,1372,1374,1377,1378,1383,1388,1389,1390,1391,1392,1394,1396,1399,1402,1403,1409,1410,1411,1412,1414,1416,1418,1421,1422,1435,1437,1438,1439,1441,1442,1443,1444,1450,1452,1453,1454,1457,1459,1464,1466,1467,1469,1470,1472,1473,1476,1482,1488,1491,1492,1493,1497,1498,1504,1505,1507,1508,1514,1516,1518,1521,1525,1527,1528,1529,1536,1537,1538,1539,1540,1543,1545,1547,1548,1549,1550,1551,1556,1559,1560,1561,1563,1564,1565,1566,1567,1568,1576,1577,1583,1588,1589,1592,1597,1600,1606,1608,1609,1615,1622,1627,1628,1632,1633,1636,1640,1642,1643,1647,1648,1649,1655,1656,1658,1662,1663,1666,1669,1672,1673,1674,1679,1682,1683,1684,1694,1695,1699,1700,1703,1704,1706,1707,1708,1709,1712,1716,1719,1722,1723,1728,1729,1730,1732,1733,1734,1735,1736,1737,1738,1739,1747,1754,1755,1756,1757,1762,1763,1764,1765,1771,1774,1775,1778,1783,1784,1789,1793,1797,1803,1806,1807,1809,1810,1812,1818,1822,1824,1828,1829,1836,1840,1841,1846,1856,1858,1861,1862,1867,1868,1872,1875,1880,1881,1885,1886,1894,1896,1901,1905,1906,1908,1912,1915,1922,1924,1925,1928,1937,1938,1941,1942,1945,1946,1953,1956,1957,1960,1961,1965,1966,1967,1968,1969,1970,1971,1972,1976,1986,1991,1992,1993,1995,1996,2001,2003,2004,2006,2007,2009,2010,2014,2016,2017,2020,2022,2024,2026,2033,2034,2035,2036,2037,2039,2040,2042,2046,2048,2052,2055,2057,2063,2065,2066,2069,2070,2071,2078,2081,2083,2085,2090,2093,2094,2097,2098,2100,2107,2109,2111,2118,2119,2121,2125,2126,2127,2128,2130,2131,2132,2134,2138,2140,2142,2145,2148,2149,2150,2155,2160,2166,2168,2169,2172,2173,2174,2178,2179,2183,2187,2189,2190,2194,2196,2197,2198,2199,2200,2202,2203,2204,2206,2208,2212,2216,2220,2221,2230,2235,2236,2237,2239,2240,2241,2243,2249,2250,2251,2256,2259,2260,2265,2266,2268,2271,2273,2275,2277,2278,2280,2281,2283,2285,2287,2288,2290,2291,2293,2298,2306,2307,2308,2309,2310,2314,2315,2318,2320,2321,2323,2324,2326,2329,2331,2332,2333,2335,2340,2341,2342,2343,2348,2350,2351,2352,2354,2357,2363,2365,2366,2369,2372,2380,2381,2383,2384,2387,2391,2392,2393,2394,2395,2397,2405,2406,2407,2408,2409,2413,2414,2416,2421,2423,2425,2427,2429,2431,2432,2434,2435,2437,2438,2440,2441,2443,2446,2448,2451,2452,2454,2455,2456,2457,2458,2464,2467,2468,2469,2471,2472,2479,2480,2481,2482,2484,2487,2488,2489,2493,2499,2500,2503,2504,2505,2506,2507,2511,2514,2516,2517,2518,2520,2521,2524,2527,2532,2533,2534,2536,2539,2540,2543,2544,2546,2547,2551,2553,2554,2556,2559,2560,2564,2565,2567,2569,2574,2576,2579,2580,2585,2593,2594,2596,2599,2600,2601,2607,2611,2612,2615,2616,2618,2619,2622,2626,2628,2634,2635,2640,2641,2642,2643,2647,2656,2657,2659,2661,2662,2663,2664,2665,2677,2680,2682,2686,2687,2693,2695,2697,2698,2702,2705,2706,2708,2709,2711,2713,2714,2717,2718,2720,2721,2724,2726,2728,2733,2734,2741,2746,2751,2752,2753,2755,2756,2757,2758,2759,2762,2764,2765,2767,2772,2773,2776,2780,2781,2786,2787,2790,2792,2794,2797,2798,2799,2800,2802,2804,2806,2810,2811,2815,2816,2818,2820,2822,2823,2825,2827,2830,2831,2835,2837,2840,2842,2844,2846,2847,2848,2849,2850,2852,2853,2861,2863,2865,2866,2867,2869,2872,2873,2874,2876,2878,2879,2880,2881,2882,2885,2886,2888,2896,2899,2900,2901,2905,2907,2912,2916,2917,2928,2931,2933,2938,2939,2947,2949,2950,2951,2953,2954,2955,2957,2960,2964,2967,2970,2973,2974,2975,2976,2978,2979,2980,2986,2990,2992,2993,2994,2995,2998,3011,3012,3016,3021,3022,3024,3026,3027,3028,3029,3030,3037,3050,3051,3055,3058,3061,3064,3066,3068,3069,3070,3071,3073,3079,3080,3082,3084,3086,3088,3092,3097,3099,3101,3104,3108,3111,3113,3116,3125,3126,3133,3135,3136,3139,3140,3141,3150,3153,3155,3160,3161,3164,3167,3168,3171,3172,3174,3182,3183,3184,3189,3192,3195,3199,3201,3205,3208,3213,3216,3217,3220,3227,3228,3234,3236,3238,3249,3251,3253,3256,3257,3258,3260,3263,3264,3266,3267,3268,3270,3271,3272,3274,3275,3276,3277,3281,3282,3285,3288,3289,3290,3291,3292,3296,3297,3299,3300,3308,3309,3310,3311,3313,3314,3315,3318,3323,3325,3326,3330,3332,3333,3334,3335,3337,3339,3340,3342,3343,3344,3347,3350,3352,3353,3356,3357,3358,3367,3370,3371,3376,3377,3378,3381,3382,3385,3386,3387,3388,3393,3397,3398,3401,3405,3409,3412,3414,3422,3424,3425,3431,3434,3439,3442,3446,3449,3450,3451,3453,3454,3456,3467,3470,3474,3476,3483,3484,3485,3489,3491,3493,3494,3495,3498,3508,3510,3511,3514,3515,3517,3523,3529,3532,3534,3539,3546,3557,3558,3559,3561,3562,3564,3566,3570,3572,3574,3577,3578,3581,3582,3583,3586,3587,3591,3592,3593,3594,3597,3598,3600,3602,3604,3607,3608,3609,3611,3615,3616,3617,3619,3621,3622,3625,3631,3634,3639,3640,3643,3644,3647,3650,3653,3657,3661,3662,3665,3666,3669,3672,3676,3679,3680,3683,3686,3687,3688,3693,3696,3697,3701,3702,3703,3719,3722,3726,3727,3728,3734,3735,3738,3741,3746,3748,3752,3755,3756,3758,3759,3763,3765,3766,3767,3772,3773,3776,3778,3784,3786,3787,3788,3789,3790,3792,3795,3798,3801,3802,3803,3808,3809,3813,3820,3821,3822,3823,3829,3830,3831,3835,3836,3839,3840,3841,3842,3845,3851,3854,3857,3861,3862,3863,3864,3866,3874,3877,3882,3883,3884,3885,3888,3890,3891,3893,3896,3902,3903,3904,3909,3910,3915,3918,3919,3921,3922,3926,3927,3932,3934,3935,3937,3940,3943,3945,3946,3949,3950,3951,3966,3968,3969,3970], 1066	-1
