0.00000, 0	1.00000
1.00000, 0	1.00000
10.00000, 0	1.00000
0.00000, 1	0.00000
1.00000, 1	1.00000
10.00000, 1	10.00000
0.00000, 2	0.00000
1.00000, 2	1.00000
10.00000, 2	100.00000
0.00000, 3	0.00000
1.00000, 3	1.00000
2.00000, 3	8.00000
2.00000, 10	1024.00000
10.00000, 3	1000.00000
2.50000, 2	6.25000
1.00000, 10	1.00000
2.00000, 10	1024.00000
1.12330, 24	16.28914
12.34567, 2	152.41557
-1.00000, 0	1.00000
-2.00000, 0	1.00000
-5.12000, 1	-5.12000
-2.38000, 2	5.66440
-2.14159, 3	-9.82220
1.00000, -1	1.00000
2.00000, -1	0.50000
2.00000, -2	0.25000
3.00000, -2	0.11111
3.00000, -8	0.00015
2.78900, -2	0.12856
50.31429, -3	0.00001
0.59999, -8	59.54536
-1.00000, -1	-1.00000
-2.00000, -1	-0.50000
-2.00000, -5	-0.03125
-0.78913, -11	-13.53212
-1.21300, -8	0.21336
-0.59999, -9	-99.24392
0.98000, 20	0.66761
