[1]	1
[0]	0
[-1]	-1
[-2,1]	1
[-2,-1]	-1
[-1,-2]	-1
[-1,0]	0
[1,2]	3
[1,-1,1]	1
[-2,-3,-1]	-1
[-1,0,-2]	0
[1,2,-1,-2,2,1,-2,1]	3
[1,2,-1,-2,2,1,-2,1,4,-5,4]	6
[-2,1,-3,4,-1,2,1,-5,4]	6
[31,-41,59,26,-53,58,97,-93,-23,84]	187
[1,2,-1]	3
[-1,-1,-2,-2]	-1
[1,1,-2]	2
[-2,-1,-2]	-1
[-1,-2,-3,0]	0
[2,0,3,-2]	5
[2,-1,1,1]	3
[0,2,0,2]	4
[-1,1,2,1]	4
[1,-1,-2]	1
[0,-2,-3]	0
[-1,0,-2,2]	2
[3,1,0,1]	5
[3,-2,-1]	3
[1,0,0,0]	1
[-3,-2,-2,-3]	-2
[0,-3,1,1]	2
[1,-1,-2]	1
[-2,1,0]	1
[-2,3,1,3]	7
[1,-2,0]	1
[-1,3,1]	4
[-3,1,-2,2]	2
[-1,2,2,-3]	4
[-3,-3,3]	3
[-2,-1,-2]	-1
[0,3,-1]	3
[-1,1,-2,3]	3
[-1,0,-2]	0
[-2,0,-3,-3]	0
[-3,-3,-1]	-1
[-1,3,3]	6
[2,-2,-3]	2
[0,2,0,2]	4
[-1,0,-3]	0
[2,2,0,-1]	4
[-3,-2,0,-1]	0
[0,0,-3,1]	1
[1,-2,-2,-1]	1
[3,2,-2,1]	5
[-3,-3,-3]	-3
[2,-1,3,-1]	4
[-2,1,0,-3]	1
[2,2,-2,3]	5
[0,-1,-2]	0
[0,-1,2]	2
[2,2,2,2]	8
[0,2,3,-2]	5
[0,-2,0]	0
[2,3,0]	5
[-1,3,1,-1]	4
[-2,1,0]	1
[3,0,-3]	3
[-2,2,1,1]	4
[-3,-3,-3]	-3
[2,0,-2]	2
[3,-3,2,-3]	3
[-2,1,-2,-2]	1
[-3,2,-1]	2
[1,0,1]	2
[3,-2,-3,-3,1,3,0]	4
[2,0,-3,2,1,0,1,-2]	4
[-2,-2,-3,0,-3,1,-3]	1
[0,1,0]	1
[-2,-3,2]	2
[3,0,0,2,2]	7
[-2,3,0,2,-2,3]	6
[-1,-2,-2,-2,3,2,-2,0]	5
[1,3,-1,2,0,-2,2]	5
[-3,1,0,-1,-2,3,2,-1]	5
[-2,-3,3,2]	5
[-3,3,-1,-2,2,2]	4
[3,-2,2,0,-2,0]	3
[0,-2,3,-2,1]	3
[0,2,1,-2,2]	3
[-3,3,3,3,2,3]	14
[2,3,-1,1,-3,3,0]	5
[0,2,3,-1,3,2,3]	12
[-1,1,-1,2,-2,-2]	2
[-2,-1,-2,-2]	-1
[3,2,-3,-1,1,-3,1,-1]	5
[-2,2,0,3,1]	6
[2,-2,-2,0,-2,2,2]	4
[2,-3,1,3,-3,2,2,1]	6
[1,1,1]	3
[2,-1,-1,2,0,-3,3]	3
[0,-3,2,1,-2,3]	4
[2,2,2]	6
[0,-3,-1,0,2,3,-3]	5
[0,-1,0,-3]	0
[1,1,-3,-3]	2
[-3,3,3,3,2,2,-2]	13
[3,-2,-3,3,-1,0,1]	3
[1,0,2]	3
[-2,-1,0,1,-1,3,-2]	3
[-3,-2,1,2,2,0,1,0]	6
[0,-1,3,1,-3,2,1,1]	5
[3,3,1]	7
[-1,0,-1,2,-3,1,2,3,-2]	6
[-3,2,-2,1,-1,0,-3,-1]	2
[-2,-2,-1]	-1
[2,-3,0,3]	3
[-1,0,1]	1
[2,3,-2,0,-1,1]	5
[0,-3,-2,-3,-2,2,-3,0,1,-1]	2
[0,-2,2,-1,1,0]	2
[0,-3,3,2,1,-1,0]	6
[-1,1,1,3,-3,2,-3,-1]	5
[3,-3,0,-1]	3
[0,0,2]	2
[-1,-2,-1,2,2,1,1]	6
[-1,3,2,0]	5
[2,-3,0,1,-2,-3,-1]	2
[2,-3,-2,-1]	2
[1,2,1,-1,-2]	4
[-2,-1,-3,3]	3
[-1,-1,3]	3
[2,-1,0,0,-1,2,2,-2,2]	4
[-1,-2,3,-1,-2,1,1]	3
[3,1,3,0,3,3,-1,2,2,1]	17
[0,-2,-1,1,3,2,2,2,-1,2]	11
[-1,-1,1,0]	1
[0,0,3,3,0,-2,3,-2,-1,-1,2,1]	7
[-2,-2,-2,-2,-2,2,-3,-3,-1]	2
[-1,2,-3,-1,-3]	2
[3,2,1,-1,1,0,0]	6
[-1,1,1,-1,-1]	2
[3,1,-3,-3,2,-1]	4
[0,-3,1,3,-3,-1,2]	4
[-3,2,3,0,-1]	5
[3,2,2,0]	7
[-2,-3,2,0,3,2,2,1]	10
[-2,3,-3,1,1,-1,1,1,1]	4
[2,-1,2,1,3,-2,1,2,1,-2]	9
[0,-1,3,3,0,0,1,-1,-3,3]	7
[2,1,3,-1,-3,-2,2]	6
[-2,0,2,3,2,-1]	7
[0,2,0,1]	3
[3,1,-2,2,2,1,-2,-3]	7
[2,-1,-3,-1,3,0,-1,-3,3,0]	3
[-3,-2,2,2,0,1,3,3,-3,-2]	11
[1,2,1,-1]	4
[-2,-2,-1,0]	0
[-1,1,-3,-2,2,-1,-2,1,2,-3]	3
[1,3,-3]	4
[0,-3,1,-2,-2,-3]	1
[2,-1,2,-1,-2,2,-1,0,1,2,-3]	4
[1,0,2,3,-3,-2,1]	6
[1,0,-3]	1
[1,-3,2,0,-1,0,-2,-3,1,2,-3,2]	3
[8,-2,-4,-1,-8,3,8,8,3,4,2,-9,-1,-3,-6,8,-3,9]	28
[6,9,-3,9,-7,-5,-9,9,5,-8,0,3,6,7,9]	31
[8,-1,-9,3,8,1,-4,8,6,-1,8,4,2,4,7,-5]	46
[-9,-6,2,-5,-8,1,6,9,-8,0,5,5,-4,7,4,1,7,-3,-1]	33
[-1,-6,-9,4,-8,5,-4,2,-1,1,-8,0,1,3,1]	5
[-9,-2,1,8,7,-6,4,9,-9,-5,0,5,-2,5,9,7]	33
[7,-2,6,2,4,-5,-9,-8,-4,-3]	17
[5,8,-8,5,-4,2,1,9,2,-8,8,3,-4,-5]	23
[3,9,-9,-3,4,7,5,0,-4,-4,1,-6,-3,6,0,5,1,-2]	16
[-7,0,-4,3,-1,7,4,-6,-3,9,-5,1,0]	13
[-1,6,7,-7,-2,-6,-1,3,4,2,6,-3,-8,-1,7]	15
[-5,-9,6,-3,3,-7,-5,-2,-7,1,-6]	6
[9,0,-2,-2,-3,-4,0,1,-4,5,-8,7,-3,7,-6,-4,-7,-8]	11
[-5,8,-5,1,1,-3,5,5,-3,-3,6,4,-7,-4,-8,0,-1,-6]	16
[-9,-3,2,8,-6,5,2,-3,-9,5,-5,-1,9,-7,4,0,1,7,-4]	14
[-6,-1,5,4,1,-8,6,7,-3,6,0,-6,-7,8,-8,-4,1]	18
[0,1,-4,4,7,-8,4,1,1,-8,-5,3,-9,-1]	11
[6,-7,-4,4,5,9,7,2,0,-8,1,-5,9,7]	31
[0,-3,-6,2,7,-9,3,-2,-2,-5,-4,2,4,-3,7,3,9,-9]	22
[0,2,8,-3,-9,-5,-5,2,-4,-8,-1]	10
[1,2,8,-6,-4,8,3,1,-7,7,6,4,-1,9,2,-8,8]	33
[6,-5,7,4,2,8,5,3,0,8,4,5,6,-7,-6,4,-7]	53
[-1,5,6,1,0,0,-8,8,-1,3]	14
[-5,8,2,-1,6,-3,7,1,8,-2,7]	33
[-8,2,2,-6,2,-7,-7,7,1,8,1,-8]	17
[-9,-6,-7,-4,3,8,0,-1,0,6,-8,3,0,2]	16
[7,-4,-5,9,7,4,9,-4,6,-7,9,-5,7,0,-7,-5,-3,-7]	35
[3,3,-8,-7,-8,1,5,9,-5,-4,1,3,-7]	15
[4,8,0,-2,5,2,-8,7,1,-4,4,8,-2,5,-5,-2,8]	29
[-9,9,7,-8,-3,2,-9,1,7,-2,-9,7,-9,5,5,-3,9,0]	16
[-84,-87,-78,-16,-94,-36,-87,-93,-50,-22,-63,-28,-91,-60,-64,-27,-41,-27,-73,-37,-12,-69,-68,-30,-83,-31,-63,-24,-68,-36,-30,-3,-23,-59,-70,-68,-94,-57,-12,-43,-30,-74,-22,-20,-85,-38,-99,-25,-16,-71,-14,-27,-92,-81,-57,-74,-63,-71,-97,-82,-6,-26,-85,-28,-37,-6,-47,-30,-14,-58,-25,-96,-83,-46,-15,-68,-35,-65,-44,-51,-88,-9,-77,-79,-89,-85,-4,-52,-55,-100,-33,-61,-77,-69,-40,-13,-27,-87,-95,-40]	-3
[-64,78,56,10,-8,26,-18,47,-31,75,89,13,48,-19,-69,36,-39,55,-5,-4,-15,-37,-27,-8,-5,35,-51,83,21,-47,46,33,-91,-21,-57,0,81,1,-75,-50,-23,-86,39,-98,-29,69,38,32,24,-90,-95,86,-27,-23,-22,44,-88,3,27,9,55,-50,-80,40,5,-61,-82,-14,40,-58,35,93,-68,-26,94,3,-79,9,-88,21,19,-84,7,91,-8,84,12,-19,-13,-83,66,-80,-34,62,59,48,-98,53,-66,18,94,46,11,-73,96,-18,6,-83,91,17,38,10,9,-78,-22,77,83,89,-42,-30,-94,-98,-34,-51,63,-97,96,64,55,-93,-41,27,52,69,53,26,-71,-64,42,-80,52,-43,6,-62,-21,83,-85,-38,49,-50,8,55,-72,74,80,90,53,53,32,-15,36,90,-88,-34,37,41,91,65,76,33,61,5,90,-33,42,-54,-73,34,-16,75,83,91,7,-89,42,-36,77,-5,-83,9,80,53,-23,68,-81,90,10,-90,55,-14,19,-7,91,-14,59,33,31,62,-33,-85,37,-73,83,-78,-86,25,-15,91,97,2,-23,54,-68,53,22,-73,43,-68,-87,-25,18,31,67,-14,94,3,-81,25,-35,-37,17,79,-34,-23,-99,-43,-98,-38,-52,75,63,1,29,71,-68,-71,74,51,-40,86,-73,54,-5,70,-60,-11,-49,-64,90,-8,-25,-16,-52,40,60,-75,96,39,-13,-79,14,-73,22,-79,75,30,-51,49,-19,-15,36,-16,-60,-69,-68,-21,-4,-18,-9,-14,50,65,70,75,-17,30,99,-44,-31,-14,-46,60,-10,52,80,-35,-18,-94,-86,62,-10,49,-53,6,56,-45,62,-48,36,-47,15,-37,-81,-15,-62,-22,91,-85,33,-62,-23,86,97,66,15,54,-69,96,36,-55,36,-97,70,82,9,4,-63,-29,32,49,23,-53,88,18,8,-96,72,-23,-82,6,14,-6,-31,-12,-39,61,-58,-32,57,77,12,-7,56,-40,-48,-35,40,-35,12,-28,90,-87,-4,79,30,80,82,-20,-43,76,62,70,-30,-92,-42,7,68,-24,75,26,-70,-36,95,86,0,-52,-49,-60,12,63,-11,-20,75,84,-41,-18,41,-82,61,98,70,0,45,-83,8,-96,24,-24,-44,-24,-98,-14,39,97,-51,-60,-78,-24,-44,10,-84,44,89,67,5,-75,-73,-53,-81,64,-55,88,-35,89,-94,72,69,29,-52,-97,81,-73,-35,20,-99,13,36,98,65,69,8,81,13,-25,25,95,-1,51,-58,-5,16,-37,-17,57,-71,-35,29,75,70,53,77,51,79,-58,-51,56,31,84,54,-27,30,-37,-46,-56,14,56,-84,89,7,-43,-16,99,19,67,56,24,-68,-38,-1,-97,-84,-24,53,71,-6,-98,28,-98,63,-18,-25,-7,21,5,13,-88,-39,28,-98,68,61,-15,44,-43,-71,1,81,-39,62,-20,-60,54,33,69,26,-96,48,-69,-94,11,-11,-20,80,87,61,-29,98,-77,75,99,67,37,-38,11,93,-10,88,51,27,28,-68,66,-41,41,36,84,44,-16,91,49,71,-19,-94,28,-32,44,75,-57,66,51,-80,10,-35,-19,97,-65,70,63,86,-2,-9,94,-59,26,35,76,11,-21,-63,-21,-94,84,59,87,13,-96,31,-35,-53,-26,-84,-34,60,-20,23,58,15,-7,21,-22,67,88,-28,-91,14,-93,61,-98,-38,75,-19,-56,59,-83,-91,-51,-79,16,14,-56,90,6,-14,27,63,-91,-15,-22,-22,82,32,-54,47,-96,-69,-61,86,91,-60,-75,43,-3,-31,3,-9,-23,28,11,69,-81,31,59,25,-83,-36,-12,-75,48,42,-21,8,-26,24,-68,-23,31,-30,-60,0,-13,-36,-57,60,32,22,-49,85,-49,38,55,-54,-31,-9,70,-38,54,-65,-37,-20,76,42,64,-73,-57,95,-20,74,-57,19,-49,29,83,-7,-11,-8,-84,40,-45,-57,-45,86,-12,24,-46,-64,62,-91,-30,-74,-35,-76,44,-94,-73,86,77,7,37,-80,-74,87,48,85,-19,-85,-45,-27,31,9,-8,85,-28,79,-14,25,91,-51,10,-61,-49,74,-38,94,56,-12,57,34,71,-5,53,74,-18,-21,59,39,-30,90,-88,-99,-24,3,62,47,-40,-51,-27,-49,-26,82,-11,1,34,27,-5,-10,92,-48,-99,63,23,31,14,-94,-90,-49,44,-44,-59,33,-44,17,-64,-82,-36,-28,-57,13,0,-7,-4,88,70,-93,-7,-35,-4,-15,-6,-26,-75,93,-95,39,98,90,66,20,-54,-93,-47,-22,0,-35,-28,41,14,-8,-46,-86,84,26,-98,55,32,-29,96,-94,32,-33,-21,57,-39,-17,-27,-64,-50,-61,55,-28,-78,84,49,22,-73,-79,-37,40,12,-7,53,-26,-80,31,-94,51,-97,-98,56,34,-54,-88,-32,-17,-29,17,18,20,32,-49,91,54,-65,40,-47,-39,38,-8,-99,-73,84,30,0,-96,-38,5,32,-36,-16,-35,74,29,-23,-80,-88,47,36,29,-32,-54,79,-64,76,91,53,-71,-71,-9,-3,-93,17,-19,36,94,-38,97,-1,70,-62,82,-65,-87,11,11,-68,-1,-41,44,-71,3,89]	3452
[84,38,65,52,-9,70,81,58,-33,87,-47,48,23,-53,86,-2,45,56,35,5,90,47,-84,-21,55,-8,37,0,-3,-60,-11,-42,54,-68,-89,-54,-98,68,80,-31,55,-67,93,-45,-21,79,52,-75,12,-12,29,-21,-88,21,57,67,-87,-6,-33,-14,10,32,44,-35,63,54,-13,65,22,-33,-66,-46,0,-73,8,78,82,-62,79,-6,2,-15,72,13,83,30,-20,72,-99,46,-41,11,-21,-97,52,-81,33,-61,83,-45,-18,-83,-15,81,-80,69,37,-98,-93,-7,-28,8,55,-55,-78,38,51,-22,-13,51,-75,45,-61,-20,24,90,-2,-43,-94,-41,-12,-12,-25,72,-54,-28,42,59,-27,25,-70,22,-89,84,66,-91,-1,-6,-14,85,-78,-13,8,-39,66,-68,-72,-58,-11,-89,0,53,-25,51,26,20,-77,-55,-43,-27,46,-14,94,33,-53,37,41,45,-69,-72,7,-48,14,-85,-11,-42,-76,-6,-1,-11,4,98,-58,78,49,44,-25,49,65,31,-78,12,93,-84,-55,-83,52,86,61,59,90,-54,-89,-19,-63,-23,38,-40,47,-86,48,-49,-88,67,-94,38,11,-43,-36,-23,65,-15,65,58,-23,-90,75,-94,72,13,64,62,35,51,-79,72,-72,58,-91,74,72,34,-98,60,1,83,-25,-88,-59,38,-35,-94,99,-70,40,-47,-83,15,-42,88,-94,-78,28,40,73,48,-11,77,-17,-2,29,-68,-68,7,69,9,-9,-56,20,8,59,62,13,35,91,-47,88,84,45,-54,73,27,-55,-22,-56,94,-97,33,71,-15,-92,-23,17,-84,61,-37,24,-48,6,-79,36,-58,82,-51,54,51,-22,42,35,99,64,-15,26,-91,62,47,-97,64,-43,51,-73,-36,-95,20,-21,65,82,-97,93,-35,99,29,-16,82,54,-62,10,-90,79,-78,-91,20,7,12,29,-54,-41,8,87,-8,-41,-86,55,-36,10,-89,-94,-8,89,99,33,88,5,-83,47,-40,-46,-66,-54,-90,-44,-46,30,62,65,-64,84,-99,43,71,-8,-97,61,-76,-57,-29,-89,-75,39,99,-76,-27,65,6,-11,-11,42,20,23,87,6,78,-82,-64,17,60,-29,1,60,91,-27,-70,93,-66,-70,-87,-18,-59,-63,-79,-83,-62,-7,58,20,59,-52,-38,-44,70,-74,61,48,-57,74,-58,-97,-78,42,40,-87,91,46,82,-97,75,94,-16,92,-91,4,86,-77,97,44,42,33,68,80,88,38,-94,49,-37,-75,23,4,-72,22,-76,67,34,91,-10,17,93,-58,-12,-23,-65,-27,58,97,-5,32,18,-86,-35,-13,93,-70,-75,75,55,-35,-99,-21,45,-95,77,68,48,11,37,-62,-72,30,-21,-7,84,-10,65,19,-13,-62,-49,82,-49,-8,-31,-78,21,-30,96,-24,34,73,31,-20,77,8,-75,25,-80,61,62,-76,-31,-81,-7,-70,8,-41,48,72,-27,98,54,23,-10,-77,21,87,-8,18,-37,-96,-32,71,-17,-77,-21,-16,47,-25,-77,-13,-24,-9,-18,68,20,89,-96,-32,61,-24,-57,-8,76,32,14,-3,-4,83,91,58,86,-40,6,-54,-18,85,29,-94,-63,28,-31,12,-81,50,-42,15,40,-62,82,-22,14,-98,70,-10,10,-39,63,-94,-56,55,41,-93,-85,-53,-71,-27,-91,35,-22,-54,-37,47,34,-18,-3,68,96,-86,-93,56,-31,-3,34,-61,86,-55,-24,26,-50,-3,-19,90,3,-5,-85,32,44,-77,-33,-77,-55,29,46,56,87,-80,24,61,-66,7,-6,2,-96,-72,17,66,-28,69,-7,-1,-34,73,-34,69,-54,-20,-22,89,3,21,88,24,-73,34,-20,-85,54,-95,52,64,11,-77,-57,-8,-50,36,-42,-1,5,50,97,71,1,-37,17,46,20,71,12,99,-8,1,23,18,-88,-96,9,42,84,-62,-17,-28,-40,25,63,10,-62,-78,85,43,48,59,-9,-51,98,-92,71,18,78,-16,17,-53,61,-59,64,72,-56,-49,-8,-95,-12,74,-24,25,-23,-83,-88,14,-85,96,-66,62,55,24,88,53,8,59,-28,-14,-80,65,32,80,-94,-26,30,-74,1,98,-93,88,72,-17,13,-51,-24,1,40,-10,-3,73,-48,-71,-25,-83,59,82,76,-92,-31,72,72,77,53,55,-72,-40,80,28,-42,87,-6,-93,-53,83,-67,22,-15,72,-88,58,22,-60,87,96,-43,46,79,-90,53,-75,81,25,78,11,-20,-93,70,-62,11,-95,-98,-95,-88,-52,88,-79,46,-50,92,34,-92,-9,73,94,-12,-93,17,-56,-84,-30,-55,97,72,-77,-15,-48,-94,-44,-34,-6,-63,-33,-2,-75,-9,-37,-55,-63,-11,-86,70,-3,-18,21,-32,46,27,85,66,20,-45,-89,-6,-96,-90,78,-44,92,-89,-2,-14,-52,65,60,-51,-67,-99,-29,-30,-11,-39,-83,62,42,37,-69,-12,-58,-84,-46,61,-53,-59,-45,-49,-49,-67,-17,-80,-56,80,5,-32,22,-58,-7,55,-58,63,-98,31,-75,-82,-30,66,32,0,-68,50,-8,-38,-12,39,3,19,66,30,28,-51,49,48,-94,-69,-84,5,-51,9,-40,-9,-51,-39]	1378
[-57,9,-72,-72,-62,45,-97,24,-39,35,-82,-4,-63,1,-93,42,44,1,-75,-25,-87,-16,9,-59,20,5,-95,-41,4,-30,47,46,78,52,74,93,-3,53,17,34,-34,34,-69,-21,-87,-86,-79,56,-9,-55,-69,3,5,16,21,-75,-79,2,-39,25,72,84,-52,27,36,98,20,-90,52,-85,44,94,25,51,-27,37,41,-6,-30,-68,15,-23,11,-79,93,-68,-78,90,11,-41,-8,-17,-56,17,86,56,15,7,66,-56,-2,-13,-62,-77,-62,-12,37,55,81,-93,86,-27,-39,-3,-30,-46,6,-8,-79,-83,50,-10,-24,70,-93,-38,27,-2,45,-7,42,-57,79,56,-57,93,-56,79,48,-98,62,11,-48,-77,84,21,-47,-10,-87,-49,-17,40,40,35,10,23,97,-63,-79,19,6,39,62,-38,-27,81,-68,-7,60,79,-28,-1,-33,23,22,-48,-79,51,18,-66,-98,-98,50,41,13,-63,-59,10,-49,-38,-70,56,77,68,95,-73,26,-73,20,-14,83,91,61,-50,-9,-40,1,11,-88,-80,21,89,97,-29,8,10,-15,48,97,35,86,-96,-9,64,48,-37,90,-26,-10,-13,36,-27,-45,-3,-1,45,34,77,-66,22,73,54,11,70,-97,-81,-43,-13,44,-69,-78,30,-66,-11,-29,58,52,-61,-68,-81,25,44,-32,57,-81,66,2,52,43,35,-26,16,-33,61,-37,-54,80,-3,32,24,27,30,-69,38,-81,2,-4,47,17,5,42,-58,-51,-90,98,-33,76,-22,95,-4,89,-31,-87,-44,-69,-48,1,87,48,-90,-12,-24,39,18,-86,35,96,-14,-41,13,90,-98,32,-83,-89,7,-17,63,84,-21,-40,51,24,-51,83,31,0,-38,-5,-74,-29,59,1,87,-22,-9,-1,-49,76,57,41,44,35,-27,60,23,56,-80,-14,41,-2,22,-31,99,47,-48,7,-75,13,-97,-50,61,61,27,48,-84,94,-76,-56,70,57,84,-9,-7,-66,-49,-84,89,-29,-22,7,45,-99,75,21,24,-95,-71,48,17,-92,74,-22,45,1,-97,61,-5,-74,81,-57,83,42,33,-47,75,61,-55,41,-68,22,-51,53,-1,-99,-25,-76,-95,3,48,-1,-13,23,53,-68,-76,33,92,-4,35,50,38,18,-8,-52,47,-33,-91,91,85,-60,14,-89,93,89,-89,-55,89,92,47,38,-9,-66,-39,-79,-58,-39,53,-65,56,-11,61,-29,83,-46,19,31,-3,27,-1,-18,67,-87,-8,37,79,-20,58,68,-28,-18,-17,39,-8,43,59,33,81,13,44,37,-98,6,85,84,59,4,-8,-44,-69,91,15,74,80,83,-12,59,-37,-54,5,34,27,87,-50,-81,8,-90,52,-11,-1,-4,-97,0,78,87,-39,37,-32,30,70,-1,21,-38,-50,-22,-55,15,-85,8,60,19,-81,-35,-17,-31,-40,90,-45,-88,-44,53,-15,-41,-70,-37,-77,-33,77,-9,96,24,66,-6,85,92,72,-70,7,86,14,-32,-18,33,9,64,78,68,32,-90,57,87,62,-58,-77,68,-19,-54,-65,-42,13,-68,58,-44,25,43,-52,-26,73,55,-63,-13,-77,18,96,31,-40,51,-1,91,60,-44,55,22,-26,78,-10,32,-99,2,66,13,33,25,68,-65,-32,-84,-14,-82,70,22,5,69,-59,-22,-23,0,-70,53,-32,89,85,-77,-11,-40,77,55,68,77,-43,34,-33,66,-41,-88,-98,27,-72,-13,21,74,85,-74,21,-74,-19,97,2,10,50,46,-1,13,69,87,72,23,20,40,1,76,-49,67,43,10,79,21,-86,83,84,34,34,69,37,-45,72,-82,-70,-26,27,56,97,-97,-31,66,67,-82,-11,-13,57,66,-37,85,11,82,-5,-33,3,-15,-50,-13,95,60,-66,9,-84,-94,26,-78,-44,-70,77,-47,-90,-53,95,76,-36,-38,-60,98,-72,-21,83,15,-38,-45,81,41,16,-69,-94,11,91,-84,-79,83,-79,23,-95,-24,30,58,6,39,-95,1,-8,-54,62,31,-56,67,86,-96,-18,-75,-42,-36,66,73,-29,48,-39,-61,63,-42,98,60,81,-97,-64,11,61,18,-73,42,-80,18,87,58,-51,-69,2,-88,-66,84,-63,-32,-75,79,-82,-28,27,-21,11,-33,13,9,-73,-6,-11,-61,81,-73,57,-92,45,53,25,33,11,50,40,90,62,51,74,75,-81,75,54,-86,-53,-42,-8,34,1,-95,-79,27,-24,-14,42,-66,12,-24,-58,-66,-71,43,66,17,-29,-16,7,-90,-65,-42,84,-70,-90,15,-57,-67,49,11,67,-50,-7,64,53,68,-50,-5,78,38,71,96,71,76,40,15,-7,87,98,76,96,-90,-66,57,-61,-57,-51,-41,-47,97,69,-80,-53,-61,83,76,83,-90,-29,62,47,-81,58,18,95,-2,-67,-12,-38,-92,-35,-65,-83,-25,91,-44,-5,-83,-9,47,-86,-40,43,-63,-1,3,-87,-18,12,-39,-79,-41,-21,79,53,-26,-46,63,39,16,70,80,50,87,-45,19,-80,26,35,10,-27,26,46,92,62,-55,-5,52,4,-93,-87,1,-58,-9,-20,95,42,34,58,-19,-73,5,-39,53,-31,-8,-28,-12,95,84,97,-55,10,44,-62,-51,65,32,-99,-54,16,89,47,57,-42,-96,52,99,14,-13,-43,40,69,-6,-6,-62,85,42,26,80,26,0,-74,-87,-79,-60,-38,63,71,-61,85,-13,-71,9,-78,-14,13,50,-38,-73,-85,18,44,83,-88,-85,-79,73,56,23,31,-40,-99,33,-51,97,72,-13,60,20,26,46,84,31,-45,-94,93,67,55,-45,71,69,49,15,52,37,29,50,-13,-38,-50,-82,-2,-73,27,47,-75,-24,-66,84,96,36,7,80,-56,62,62,-63,6,17,-32,-46,-13,93,45,-84,30,-26,42,-82,13,92,-88,-89,-81,16,34,-57,91,45,-95,87,-42,11,44,2,-50,6,15,33,-76,83,86,-13,76,32,-21,-16,82,-78,-22,-28,90,-34,-40,-91,81,93,-71,73,15,-90,37,73,-3,-41,-48,47,64,66,-43,64,49,-57,-72,3,51,7,63,11,28,-82,82,18,-17,-58,3,-58,-87,8,-85,27,17,28,-23,-85,86,28,38,28,-5,94,-31,-79,-86,-3,0,65,80,-60,-24,8,-43,-65,-97,40,-23,-18,81,-11,90,72,92,-16,0,-30,-25,-36,97,-87,68,-31,83,-63,-33,97,10,66,39,-10,-93,91,74,-37,-74,53,79,-21,-64,37,67,-74,9,60,9,86,-70,84,-73,-96,73,94,-50,57,-69,16,31,18,-18,-53,-92,-35,-62,59,5,-60,12,-16,19,47,-78,-14,49,7,-77,-64,-7,-71,96,19,-67,69,-10,-18,3,-2,97,-89,-84,-44,-43,99,-2,-6,58,-97,11,-29,-14,-70,94,-16,-8,44,91,15,79,-39,20,75,57,52,21,-53,-89,-98,44,84,-88,36,-82,-31,36,15,39,-29,17,-50,41,79,-21,13,-36,71,-66,-68,-37,89,-8,82,41,-74,12,-38,-50,-1,-37,70,-39,-48,7,-22,20,-57,69,-41,13,-14,-14,-68,-58,64,21,5,12,54,13,51,43,-94,11,-16,-92,99,22,-43,-2,62,-72,58,-86,11,-87,33,53,81,68,-57,-56,-46,-49,-14,95,71,67,-16,2,-19,-87,-78,-37,0,-18,-30,-1,-95,4,96,66,31,32,79,-81,44,-11,48,3,-66,90,46,-12,-81,-91,-40,66,76,20,-54,-43,9,-33,19,-91,49,88,7,30,-8,-19,-4,99,-87,-48,-82,33,40,65,-64,73,33,59,-62,28,67,-26,-29,43,71,16,99,-20,83,18,-11,9,-16,72,-61,52,-47,34,29,-58,85,23,75,2,-34,87,-48,75,46,-33,3,-9,40,73,-66,-12,-10,-89,68,-50,5,-66,58,88,82,96,18,-64,7,-53,-23,-31,69,-71,47,-88,-83,98,86,39,-35,-34,-70,82,-60,-36,-30,6,-26,-85,55,55,-75,-10,44,84,-37,-38,-80,69,-15,-27,-85,-69,-21,61,-57,-5,59,-71,-66,-98,-5,-59,60,11,4,-93,93,54,98,48,9,99,-85,-70,83,-23,-32,79,-77,52,-47,-63,60,8,97,-97,-97,33,-92,-87,11,-21,-47,-29,66,33,-45,59,-36,-47,-16,50,-48,-2,79,-64,51,-75,-85,73,76,-56,-90,13,51,83,-8,30,17,-23,20,-72,55,49,-24,-1,-17,7,-42,23,59,42,-27,87,-83,-47,99,68,-46,91,18,-93,-88,28,20,40,-12,-88,-30,-95,-12,66,-90,-79,16,-38,19,75,68,76,-2,27,-5,71,-9,12,-99,-32,-43,-46,-41,74,-40,-53,-21,79,86,67,68,-66,48,-67,99,57,-47,15,-81,71,-33,86,25,65,-10,96,36,58,-15,13,-74,41,66,-39,-7,-97,7,71,59,-6,15,27,4,-36,59,3,-79,89,95,-83,37,-38,79,-38,-96,-53,-41,39,-95,43,-71,-93,-38,71,-33,54,74,50,2,10,-79,-82,-86,24,-19,49,-95,1,38,99,-6,-24,-62,-26,14,-58,20,49,57,1,-7,63,-16,31,34,50,-15,-15,-23,86,94,-2,-96,-92,98,-39,34,-97,62,-28,78,-67,24,93,6,-61,-65,-97,87,68,-20,-43,31,63,87,-57,-10,-51,27,67,-87,-1,-35,-84,-17,-60,-23,-83,-57,-84,-34,-79,-52,89,-86,31,-95,-75,10,69,70,90,-97,1,53,67,43,-56,-84,-52,87,-72,46,-71,-79,-71,-32,-26,-77,10,-34,-12,8,-10,-46,-2,-79,-41,0,8,-95,-30,-2,83,47,-72,50,-9,-29,43,15,-65,70,-39,-37,67,-34,31,-59,-12,-82,6,75,25,96,-70,-99,93,-35,0,1,-54,69,75,-71,16,-96,56,83,-49,-1,-2,-14,-31,35,48,-86,-98,-21,-46,-34,-3,37,-58,98,10,-52,98,3,-11,-2,81,11,-33,56,16,60,36,-28,43,87,47,-81,-50,93,53,97,-93,31,-46,-40,97,27,73,-84,25,-17,-60,1,63,5,98,44,-84,-57,-23,8,79,90,57,22,54,4,17,-96,-3,-29,-99,3,78,-69,40,52,57,13,67,-40,73,83,60,36,-12,35,-43,-20,54,10,88,33,0,45,-67,-46,-51,49,-43,23,96,-65,-74,52,-35,42,4,99,-67,-28,-41,-94,-45,-81,18,43,53,74,99,-15,-39,87,-82,61,9,-73,91,58,76,-74,-19,49,-63,-17,1,1,-97,-94,-23,-65,-46,35,-83,8,53,34,-72,-16,-15,-95,68,45,91,62,-17,1,89,-48,-64,42,-46,-7,-9,-10,52,69,67,54,74,-55,65,-72,79,58,12,10,-31,17,70,53,21,38,-24,-11,-23,35,89,-34,86,-98,-92,-60,-6,-24,6,-53,-55,-26,77,-81,18,20,-77,-26,-22,11,60,47,-72,30,-23,25,-55,52,-85,22,-12,80,87,-49,59,72,-32,-47,-52,73,-24,-8,-76,-69,-13,18,50,9,92,-95,96,52,51,-98,-40,-71,26,4,57,17,-74,-78,-25,90,-50,-66,39,17,-37,86,-33,39,-45,-9,69,41,-91,-4,-73,77,0,-77,7,-48,-76,66,-43,50,-30,90,-56,-27,-87,-5,-37,-38,28,-98,55,91,64,-78,7,-81,12,-47,36,-2,48,62,-25,-75,84,81,-47,-91,24,-14,35,94,-23,78,-56,-34,-49,-17,27,78,-16,-18,46,-75,-20,-70,-80,92,-18,55,-10,-93,17,41,-68,1,0,-39,-14,-76,47,-79,94,-76,76,-62,-11,-73,20,92,81,80,-49,28,-95,30,34,-99,22,-83,55,88,99,-28,7,-69,50,-93,-8,-64,-93,-61,-66,-98,-61,86,-61,27,-87,59,-4,70,16,46,-25,-2,-24,-90,-2,75,-74,-46,40,-98,2,-53,-67,-48,-70,1,-35,-63,16,-2,-62,31,-39,-47,-65,-27,88,30,-80,5,-24,-5,-97,51,4,0,26,6,30,-33,7,-67,-10,16,-39,20,93,25,56,-14,99,70,-83,-40,-77,-49,9,-88,80,29,16,-67,-99,-5,84,-19,71,-13,86,2,30,-30,11,-79,63,71,17,33,-26,-27,-80,-27,-57,-87,10,-35,-36,95,-47,-79,1,45,-69,1,-60,-85,81,-88,-22,44,-10,85,91,-99,-94,31,48,-1,-36,-78,71,-40,-28,90,-27,58,-68,13,53,-15,10,-45,-70,40,32,-30,31,-9,-42,86,-65,24,71,-97,24,53,33,-51,-48,97,-29,99,-66,42,89,6,0,-79,95,-70,5,6,-39,12,-54,93,58,54,-16,92,40,-5,16,11,-25,-83,-59,-92,-35,-8,81,35,-9,-84,-46,-43,-2,30,-23,-6,60,59,99,97,-29,-78,90,-94,52,-49,97,-8,23,13,79,97,6,-80,-95,70,-12,63,-17,55,55,36,-88,-47,-56,-34,23,-96,-98,22,-99,-28,21,68,-46,-50,95,-49,42,18,40,-2,15,-54,-5,-3,-84,82,-63,-25,15,91,-88,3,-56,-68,68,67,-88,69,-34,88,-82,63,56,-29,-86,52,-2,32,-53,-62,-70,62,-17,1,-64,-24,-39,-28,50,75,-37,38,-22,-17,69,-53,-73,80,92,-30,69,-89,-67,2,-42,-77,-69,56,31,-22,93,61,-83,-46,-61,-48,6,-1,23,-67,-26,62,48,29,-55,17,52,-51,-25,44,18,-79,31,27,22,89,50,53,22,-42,-92,-8,-81,-76,22,-65,-25,-72,33,74,-62,84,13,85,13,57,2,-58,82,53,62,0,73,-6,-72,-27,-40,54,-74,58,-88,-90,-50,-92,-67,72,-81,-16,76,51,-65,-86,35,47,98,-75,-19,-22,-57,-36,-69,-94,40,-95,-24,67,-46,35,-2,-44,-7,-13,-35,19,-29,-3,-9,-11,57,-55,-83,91,-42,29,38,-43,53,95,34,73,-41,41,78,99,22,-46,43,75,65,-81,-69,-65,-18,-5,53,29,68,-78,-82,25,-34,-89,-7,23,39,-69,56,-30,-96,-33,-57,-38,-91,97,-39,30,-49,81,6,92,99,36,-73,-42,-68,56,86,76,54,80,2,96,90,94,20,7,-97,-47,76,-94,20,-81,-56,28,-84,-18,-42,-57,-37,40,-88,-61,-23,-62,-4,-15,70,-18,-39,2,-61,39,-2,-71,34,94,35,13,-52,-12,18,67,-17,38,-28,-25,-80,6,17,-18,-53,5,-3,0,42,92,61,-10,-49,-78,91,-11,61,-11,-5,-28,-16,-93,84,8,-5,-21,-48,54,-83,0,-70,-86,-94,23,-5,-71,-71,92,5,47,61,-34,-63,89,-35,-95,-22,-74,-29,49,-26,31,33,-42,-61,-95,13,-10,58,6,89,87,19,71,-12,91,77,16,60,-18,-37,21,25,-23,10,89,-42,65,91,28,-9,-35,-41,-76,-1,-26,-72,88,40,63,-6,6,50,90,-45,-62,81,-68,30,41,-10,93,-61,-85,-53,26,80,4,-9,71,-90,58,-64,-55,82,11,19,86,-1,-64,49,70,42,-23,60,96,-9,18,-72,-78,-41,-6,91,-26,9,-62,99,-11,41,-33,-62,50,-74,-27,95,84,61,-9,70,-40,26,-3,-93,-55,73,66,-59,-59,-16,-55,-38,19,39,-47,93,-52,-10,69,13,-91,-63,50,35,-38,-99,7,-54,61,74,92,97,-22,-11,-95,22,-61,47,63,-20,-91,-92,18,27,23,71,-3,47,-62,-33,-39,-77,-20,87,35,41,87,-81,63,25,93,32,23,-29,98,4,92,-63,-72,32,-7,-64,17,-88,40,-60,59,-86,87,73,-43,-75,73,36,-88,8,-46,99,3,-83,1,-4,26,-99,43,24,-19,13,60,9,-55,-69,44,61,-81,-39,78,54,-25,65,4,31,89,-23,-55,77,61,-2,53,-35,-8,-45,37,-82,-45,-19,41,36,93,-22,-78,-85,8,65,76,3,-96,54,-43,-45,-4,61,62,-38,-62,-93,-61,76,-18,69,-82,73,-76,54,67,-45,-88,8,67,81,62,88,96,-52,54,49,50,34,-20,84,88,52,45,50,-86,59,57,-71,35,-84,97,29,88,97,-16,55,-47,-28,-60,-80,-46,78,-91,-73,-74,39,52,53,-50,-68,37,-62,60,-18,64,73,-82,-2,78,30,13,53,-41,-22,50,19,-90,79,91,-51,76,-78,-95,61,-75,-70,-23,76,59,26,84,-4,40,44,54,-19,-6,72,79,-51,2,-8,-98,37,47,29,-43,56,-15,-75,-94,-39,-77,86,98,-53,-84,-25,99,75,77,60,-52,-6,-19,-97,75,74,74,54,-77,-47,-77,-98,66,69,30,-77,26,-85,-76,8,-47,-54,-6,-49,-31,-14,3,-55,-62,-20,-95,-14,51,-15,-35,26,-64,-84,-43,-41,-32,-44,-63,-89,-97,66,-89,28,57,-66,-87,-90,-43,-17,-39,2,45,40,47,83,96,51,-54,47,-86,10,-50,-51,2,6,-16,46,62,20,56,64,-14,66,-31,-56,77,-42,-70,-66,17,-33,12,-38,-93,-41,-78,-96,87,-56,27,-99,30,77,-51,-68,-40,33,77,98,-70,34,39,16,0,-92,36,-23,-58,65,-13,35,-67,99,97,-84,-65,95,-81,-78,-60,23,98,69,0,-52,-98,59,57,78,58,86,-11,-3,-21,89,-18,91,-57,0,57,7,-64,66,-17,-90,81,17,-95,77,16,-79,0,14,90,99,38,68,35,-28,23,-30,-64,-87,67,14,-98,-74,6,-79,25,-60,4,37,82,86,46,63,-19,28,40,96,48,-60,-13,15,-84,-74,-17,28,-3,-93,97,9,95,41,-99,96,66,6,93,-31,22,-2,82,4,-16,29,-56,41,-66,84,37,58,-99,-75,-26,93,-73,33,21,0,16,18,-90,11,-63,-90,-16,-97,-8,-45,-52,-86,52,-69,-6,-87,36,37,54,69,-2,-32,27,-1,-8,77,-31,-5,-12,66,95,80,-39,-95,-31,-3,90,52,0,-18,-93,47,-28,35,54,65,25,-10,-21,-21,-41,77,46,63,-47,-84,17,-2,10,-95,-36,5,85,24,-14,-46,-78,-24,82,-2,34,66,-78,-94,-22,76,47,-97,-34,-96,-42,2,57,81,-58,-90,96,58,7,-17,40,47,65,2,-29,-72,55,-31,-19,14,66,-85,-43,65,97,35,41,21,14,83,24,72,-38,-19,53,3,-33,26,-61,73,85,78,-3,50,-20,68,78,-88,-63,-41,2,80,-50,59,45,-53,-6,-37,68,84,-77,-31,56,-38,27,-14,64,93,88,79,44,74,57,-59,24,-86,-91,-21,-75,-77,14,4,79,41,-37,24,87,33,63,32,17,62,78,-49,-76,5,36,65,-2,25,44,-58,-24,-21,-40,76,-8,-32,-44,-6,-33,46,97,-54,-13,-63,46,-48,69,9,60,-37,-28,38,13,-5,-57,-73,-63,18,28,81,59,-96,-40,-81,79,28,-36,-88,98,7,58,72,53,-78,-91,-1,-27,54,85,-66,-82,-66,48,7,5,91,33,42,9,-62,0,-55,-59,36,-59,-79,-36,-19,-68,-60,87,66,-88,17,88,97,93,-62,51,55,-52,45,88,96,-47,-7,64,62,-88,-50,-99,11,-6,-82,-53,11,-62,-12,68,-53,27,33,-87,38,-50,77,12,-80,92,-36,74,-60,-91,39,-87,-62,-90,76,77,-79,-74,54,9,-3,71,55,84,86,-57,53,-67,46,-14,-78,-38,12,76,73,9,68,-86,-40,-92,-77,99,97,-63,85,73,-86,-94,76,44,-9,-50,16,-53,-89,2,-34,63,34,89,-74,32,-49,15,8,-76,-99,-24,-62,-40,-39,-63,-41,-42,-50,-56,-92,-59,-73,60,84,17,-90,0,40,97,78,83,37,-11,72,40,-78,-77,-45,29,-77,-45,82,-63,-9,-80,-50,50,-46,0,70,-39,17,73,98,1,-32,-92,78,84,81,56,67,19,-54,39,-41,-33,38,13,72,38,44,31,51,-65,50,-98,61,-96,-22,9,-58,94,-41,-60,-5,26,-76,-27,11,-94,-70,-45,24,-48,71,82,18,-14,-28,-33,-76,92,98,75,-96,48,53,42,29,-69,-49,47,-75,-14,86,-4,-87,86,69,0,68,75,54,-8,-73,2,-49,21,88,-1,87,-88,-9,62,63,-5,-12,16,-63,-83,46,-36,40,47,49,26,-56,38,-11,89,-85,-42,41,46,26,44,-52,77,-58,-64,-24,-94,-52,44,68,87,-61,-44,4,-48,-51,-73,-8,65,51,-82,-9,71,56,56,60,70,-86,-22,-7,40,-78,41,-6,-60,76,46,-55,-99,-10,-87,65,5,-55,-31,33,-30,-28,-75,-65,99,-57,2,70,75,-64,7,22,-51,84,-84,65,82,56,-64,-78,9,82,-33,10,-28,-44,-25,54,-22,20,-13,24,68,12,36,68,31,-62,38,6,-27,-54,-72,-1,-93,-57,-59,89,75,-23,87,-15,-64,-69,71,7,-36,-77,-62,18,19,25,-58,-13,-63,77,-68,44,92,47,-50,-58,69,-23,17,75,-3,58,41,-28,-88,6,33,-53,36,4,30,99,3,68,-6,-78,-7,36,-14,6,-10,17,-50,-18,-36,-24,24,-67,29,-59,85,-74,75,26,-25,86,-68,-92,-67,45,-11,63,21,91,8,-84,90,77,51,-24,-17,-59,92,9,0,-66,84,-99,-34,-10,-82,-72,16,93,31,67,56,39,51,89,-16,-60,29,-94,-91,-86,97,98,90,25,-26,-50,42,-57,58,-58,-24,19,-58,19,-91,-63,46,1,-70,-23,-32,85,-83,-80,51,0,-64,-43,-18,-56,-30,-21,-58,-40,80,-8,9,23,35,-56,64,-89,39,83,29,48,-80,-24,-51,-74,29,-6,87,45,13,39,-77,48,72,4,69,-80,60,87,-21,40,-20,65,-60,-85,85,81,-98,25,64,31,-50,60,83,-2,62,12,68,49,-42,-19,-35,-20,-93,-85,60,75,-66,-3,62,-11,-85,-81,-69,-46,-67,-83,-65,-65,41,75,42,67,12,25,-35,-26,-63,-66,-99,-29,-9,-58,27,-26,-44,-12,-74,-11,61,65,78,75,83,-91,-93,93,-98,-59,-95,19,93,46,-14,5,-52,28,56,-39,38,56,32,-94,97,-41,-20,-69,23,5,19,-38,-30,-26,-63,-69,-40,-57,-76,-62,-39,-72,57,-46,50,-57,58,97,47,-9,-42,-15,-53,66,-9,-78,-97,70,-48,2,-48,47,63,-1,-78,-99,29,-42,-80,52,-5,-20,56,-48,10,6,-28,-31,-20,95,59,37,-19,83,-19,71,-95,-17,18,-67,61,46,79,25,-55,77,2,50,-88,21,2,7,78,-65,35,-12,40,83,33,-80,79,-30,34,-63,-47,-85,84,-66,-26,2,-34,-65,-75,-78,36,-30,76,-62,-80,87,59,-1,-29,37,33,83,-75,-49,66,58,-53,22,-72,57,58,-43,48,42,-10,-78,-79,32,-66,-54,30,69,-8,6,-92,-12,-29,43,63,41,-43,-3,24,-19,24,-32,-84,70,89,-80,5,48,-24,-47,-33,42,-25,-12,-49,-15,10,81,-69,-98,-36,-85,-11,34,57,-47,-47,-86,26,76,-28,-73,-79,-36,73,-89,-16,-22,35,36,31,78,-44,82,-34,6,-33,75,-36,-26,53,5,-11,-80,-84,-77,-28,-32,-63,74,-78,-15,-99,-58,48,73,-71,-91,-48,40,22,59,19,77,41,61,-40,84,14,1,-42,-33,-94,46,-37,-79,69,34,-34,82,-15,-13,-56,-15,5,68,-64,11,77,-36,-49,-24,-77,46,-47,63,8,-11,47,98,89,-95,-58,71,28,5,69,-3,-61,-65,-44,1,-2,-1,85,-97,-56,97,-10,-79,-39,41,-4,-17,-13,25,-54,71,91,92,69,57,97,88,29,2,-7,-2,98,8,9,-69,-91,83,6,71,62,49,68,-47,47,-70,93,-80,12,-43,22,58,-94,13,50,51,-30,24,39,75,-74,-68,-50,-99,17,35,-92,25,18,-10,-4,-19,-60,-35,33,63,-6,3,82,82,59,4,40,41,93,-32,-7,-59,68,-91,-84,71,-82,-57,48,34,77,56,-64,-4,-77,32,76,-38,73,9,-75,-56,-88,84,-74,47,-12,66,-34,-41,-89,35,-1,78,43,-9,49,37,33,-25,-29,11,-92,7,83,-70,-84,59,-8,88,-55,-7,-91,-67,-23,-66,79,42,76,-78,77,86,56,-24,65,-23,43,-9,-86,-23,65,-38,64,49,68,47,79,60,6,-29,25,27,40,33,59,-82,66,15,36,20,37,13,6,-30,65,-52,46,8,16,60,61,-42,-78,25,-92,66,-51,86,26,54,-66,-49,-19,73,60,-83,67,3,32,3,-77,-31,92,29,38,34,76,-38,-57,-31,-78,80,27,-80,6,34,85,54,20,-12,-14,53,15,43,26,-25,60,-29,54,-31,50,77,37,43,6,-48,-46,-41,13,-4,28,11,-46,-68,30,36,65,-8,-10,-15,56,52,-85,-52,-27,17,-1,-67,87,-46,-22,38,-69,-85,-19,13,-57,34,48,33,-92,-47,-56,-62,-16,51,73,-51,-80,-60,10,53,92,24,-99,-35,-58,0,-26,-71,30,51,66,60,42,-76,-50,61,35,97,-6,19,-49,15,56,34,-57,6,60,-38,45,-30,91,37,71,92,78,-87,-31,-71,-82,98,79,61,35,-2,61,84,-63,-27,81,30,68,-91,-78,24,43,-36,-93,3,3,52,49,-6,-11,20,-37,-55,9,31,-27,4,6,-70,-35,-59,27,-97,-75,40,-24,-93,-29,-56,91,-31,45,34,10,51,-86,89,3,63,-17,69,-40,23,-86,69,-46,-14,-27,60,-8,14,-99,96,16,-97,36,68,85,-93,-87,76,-47,34,11,62,-38,1,51,65,-59,-89,11,1,33,24,-53,64,86,-4,1,-44,86,-22,-48,-21,-20,87,-52,-35,71,-63,-58,-76,47,29,62,-91,-93,13,73,-52,0,-39,25,-66,61,48,74,48,-79,-25,-96,-93,52,-68,-38,-67,-81,-14,-26,89,22,-8,-87,-31,-79,74,-45,-95,-36,-72,-71,64,-34,53,74,-73,-22,25,51,-25,99,31,-19,28,62,19,37,81,-94,-88,70,4,3,83,50,1,34,-95,-18,75,-91,10,39,-26,-60,-10,1,17,-85,-48,91,90,83,-51,18,45,44,-44,3,49,-56,-26,-46,46,-66,-96,-76,67,-92,5,42,-84,-85,-42,-10,-46,24,67,47,38,-81,15,28,78,40,-76,1,-15,-21,-96,-66,22,-23,-36,-55,10,-33,-54,-45,-49,50,73,-33,42,-91,33,95,32,-23,20,-52,-5,-65,52,-49,52,75,51,-63,-69,54,-30,29,-91,34,51,-5,77,96,26,-71,46,-23,-28,-12,-15,81,-39,93,-42,57,-82,29,68,47,79,20,-1,7,56,30,-61,-96,-64,-53,14,86,18,-9,82,-55,-4,29,21,44,93,82,2,-69,52,36,87,70,-34,56,17,-78,-24,92,6,-67,22,44,-87,35,90,26,21,-15,93,4,29,-10,-90,-73,-89,79,85,13,-89,38,-51,74,-15,-9,30,78,-10,83,70,95,92,-30,39,-95,-95,6,30,2,90,0,-94,-3,66,91,23,77,48,-14,-33,35,-76,-8,9,-15,83,-83,-37,-27,76,-90,-32,68,-21,-93,49,-40,-11,-44,62,-21,55,44,52,22,13,-24,-24,-39,61,42,72,61,-66,-42,-54,-83,-26,-15,-34,-73,-29,10,94,27,-7,20,86,81,75,48,-62,8,-30,89,-70,82,-58,5,-80,-97,-76,91,40,-43,-51,62,-49,0,-53,16,26,-5,-73,-2,-78,19,-82,-92,-22,70,33,15,-22,-97,4,-16,61,46,65,80,25,88,48,-34,-55,96,-95,-5,-27,-71,88,99,23,91,-26,44,10,-32,28,64,-62,-39,-21,-8,-60,83,75,77,6,40,57,-69,28,-18,-27,50,-21,-22,-78,28,6,-90,4,-71,-99,77,49,-12,-54,-23,-48,-40,15,8,29,31,-32,-19,9,73,-78,-57,80,26,25,-46,-24,80,8,-25,8,90,-16,-87,95,-38,66,44,26,88,-79,54,-51,12,-38,54,-56,29,-65,52,-21,-44,71,-40,59,-4,-10,-88,-47,97,-14,61,87,47,50,82,85,16,3,-12,5,0,-58,30,-87,-19,-16,-44,86,18,84,-34,51,32,2,-13,-71,91,-2,-19,65,61,-81,52,8,45,11,-30,-38,90,57,43,-10,98,-50,2,-44,33,34,-57,-72,-5,-15,55,-72,86,-58,-67,77,17,-10,42,-45,-14,-29,39,-69,58,-91,-31,48,65,-88,-85,40,-39,-6,96,70,-95,-84,75,0,0,7,4,-37,26,13,-60,-57,-97,58,-3,-12,-94,-64,-4,40,-79,64,-35,85,53,-21,2,90,72,-25,38,77,-10,13,-46,66,96,34,-94,22,-53,-55,41,-51,79,-85,14,61,-73,-90,1,-53,50,65,-91,3,-78,11,-6,70,85,-68,47,-47,21,77,95,17,11,-98,-83,57,-77,57,83,79,72,-26,40,98,-40,-81,-54,-90,60,-46,13,58,41,83,29,4,91,-47,56,12,-69,28,-94,18,6,-78,-24,29,56,-64,-15,28,9,-98,3,45,-80,25,54,57,79,-56,15,-3,-73,-56,-99,-82,-3,33,6,27,-38,12,-78,44,10,-26,-27,-34,9,34,93,94,36,-26,39,55,98,-29,12,54,14,-95,-48,41,-52,-48,35,21,62,-58,-75,-99,30,-53,44,-83,20,94,-17,-70,28,-47,-99,-36,26,17,96,25,87,-15,-21,1,-11,7,-81,37,59,54,-42,-2,72,-17,-2,-21,6,-58,-5,-74,-64,77,-68,64,-92,-67,-72,33,49,-76,-65,36,-14,-9,-86,74,97,-67,-12,33,63,23,-69,12,-94,28,90,11,70,-38,13,82,-60,45,46,-76,77,51,56,3,51,68,-61,-63,-64,-48,-88,-67,-39,-24,43,-76,98,73,35,80,-21,2,-32,-74,64,81,-92,80,26,54,-96,-20,-18,36,82,-67,-19,-79,-53,16,-51,-65,49,-13,10,-8,-13,9,-58,99,-11,20,1,57,45,-35,15,30,-78,-59,-39,-75,20,42,38,2,51,-81,-1,97,35,24,-91,-39,87,19,29,-25,-95,70,-26,-30,-32,74,-96,89,-83,18,19,-62,58,79,-60,-45,-2,77,33,-50,72,-68,-76,7,33,-67,44,20,51,-27,94,32,-56,-55,-98,-12,-80,-94,-23,-87,23,73,-73,-41,29,-34,13,-72,-80,-76,-23,69,-45,0,-47,64,32,97,-38,-40,-30,-44,91,-10,1,93,54,-3,75,-91,-14,-2,81,12,33,10,55,-76,37,51,-53,90,20,-22,-32,73,-57,99,47,4,-63,93,36,-95,-16,-86,97,-62,-13,49,-54,72,-75,-96,-15,57,-9,-83,80,-72,67,-73,95,-35,-18,-37,-85,1,-61,61,81,-25,54,-6,-20,-85,8,-46,-70,71,-96,-48,21,-72,-44,82,61,46,98,42,50,42,45,45,-93,-73,84,97,4,-76,58,-15,-2,-10,79,54,-19,-36,-91,10,-65,88,62,55,-84,94,37,53,40,12,-5,-33,-45,-82,-87,-62,-79,96,-64,25,96,70,-90,-5,-40,65,-74,18,-71,-66,-72,-59,98,66,72,90,60,-13,44,-23,98,-61,44,-70,-67,33,-32,-46,6,3,55,3,-27,64,74,10,7,76,-72,35,-89,-68,52,85,98,25,76,35,-88,20,89,-90,58,10,-83,68,-57,-16,-78,25,86,76,-95,-41,17,55,45,-76,32,72,36,19,-95,-12,4,79,-87,-20,14,-99,99,-20,87,35,89,-96,3,-91,-13,1,34,-50,-46,15,-15,70,-29,-69,71,79,-97,-16,-2,83,71,78,62,61,-41,-46,61,-65,33,48,69,0,28,-51,8,-85,26,-81,-36,79,34,49,27,81,56,-25,60,58,58,-42,19,29,-87,-19,-33,-29,11,-71,6,-78,53,-48,21,-18,-22,-71,-27,-96,-75,14,60,58,-60,-13,39,95,38,-24,30,-4,33,-51,-98,22,7,-31,93,-82,-26,-24,-61,-96,4,36,-38,58,42,35,39,66,-51,-1,24,-35,62,-60,-40,0,15,89,95,-75,-61,73,46,45,-58,16,39,15,91,78,19,-27,-9,80,-69,-67,-8,69,98,17,-32,-1,81,-93,15,-59,-17,-70,-92,-45,-69,-77,-71,54,67,-30,-30,6,62,-61,-39,-42,11,52,-85,41,61,7,11,60,-99,55,-64,82,39,51,99,-78,57,83,-23,88,-94,-18,42,72,51,88,-44,-10,-73,-7,47,37,-78,62,-44,83,-54,43,20,-54,-25,55,-95,-86,-17,81,-87,-59,64,-34,-94,70,47,47,19,-25,35,51,65,39,-78,12,-24,-80,-49,8,79,-27,-49,-1,-4,26,-68,-23,16,-9,-42,28,31,99,70,36,69,17,-40,-35,92,72,93,57,11,-85,-54,63,-89,-26,-28,90,46,-1,-11,-58,-98,-3,19,18,88,53,-77,-4,52,93,-67,-2,10,-31,40,-21,-59,33,-64,28,24,-41,-8,34,32,40,24,-22,-84,90,-3,-82,-36,92,12,-48,45,11,25,-25,4,57,49,91,-74,-11,-53,-56,98,-17,71,-1,41,-60,-89,-27,56,11,27,72,1,-76,66,42,92,-22,70,38,88,-5,89,-30,-71,38,-62,-68,-95,-16,-25,79,43,-77,-21,-16,-37,-34,33,-81,76,-62,67,-45,-62,33,96,-69,87,66,45,76,-61,11,-77,-33,-51,-40,-2,-70,20,72,86,-36,72,-35,24,-65,30,-42,-70,-17,-28,74,37,9,7,10,16,-5,-23,-39,-52,-8,71,-53,58,97,-17,-43,-96,-97,-94,89,-34,77,-69,90,88,37,-75,-81,-79,-4,69,34,81,-24,-55,-2,47,-2,35,71,89,-16,94,47,-19,-23,-96,-39,-20,86,-49,45,63,-42,35,29,95,36,24,92,-68,-7,26,90,45,70,-12,-30,-32,99,-59,-43,-17,-87,81,40,-11,84,-98,68,47,-71,-9,-12,-14,-97,-83,-42,39,40,-50,47,-67,53,37,77,23,-98,-53,68,-98,-35,-75,-39,-23,-94,-98,65,67,79,11,-9,84,78,78,-53,80,94,-18,-4,34,31,-56,66,-16,80,21,84,59,67,52,37,-68,53,97,-15,36,75,-72,-20,31,38,70,15,16,49,39,-27,20,-79,69,-45,51,-87,97,-87,69,18,96,28,-37,25,-35,-29,-22,-60,56,-86,-85,60,-30,46,-2,-59,-62,90,66,76,-37,-14,96,-68,17,25,-79,15,14,90,-90,-13,-5,-51,-88,37,-3,-34,53,-47,-43,67,89,26,-10,-13,66,28,-23,9,-19,16,95,-22,25,12,79,45,-96,-7,12,90,79,84,-61,67,-2,35,-67,-49,64,-11,94,53,-84,-38,-83,58,89,-30,-32,-53,86,-60,1,-12,51,-20,-90,32,49,22,22,28,-17,37,-5,57,-50,5,-92,-86,93,78,44,-91,-60,37,67,-94,-92,-88,-47,70,-49,53,-42,78,-89,-33,10,59,65,-91,-35,-75,46,36,81,95,-59,65,85,-65,44,6,-80,83,-56,63,89,-72,74,-81,97,-75,48,-68,80,58,-25,-10,-5,-59,-1,36,-58,-78,-28,-76,93,-10,65,55,1,9,-38,20,-30,-18,-39,-64,9,-65,-46,-17,-63,-98,14,-83,37,88,-17,-91,-94,58,44,-52,79,92,-52,49,-18,-87,5,82,-1,43,-20,68,-98,40,-96,-13,74,-66,69,87,-88,-40,80,25,-52,-36,33,-69,-78,-23,-22,78,-30,2,27,51,14,-91,11,89,28,90,57,29,7,37,-84,-19,47,61,-54,36,-79,-74,-39,-54,-34,94,-24,-35,-29,30,-57,17,-68,46,-54,22,32,56,12,-40,23,-54,66,-70,60,58,-13,-16,20,9,-80,17,35,-19,62,77,-25,-85,-58,22,21,-16,-83,52,-92,-38,-48,39,94,40,98,17,62,41,23,-1,0,86,83,-80,-4,-97,13,-92,-17,-47,84,34,-33,-73,-66,88,-13,-73,17,-6,-12,45,-90,-41,-15,85,52,-75,26,-25,23,-74,-39,6,-78,33,9,35,40,68,64,2,-20,-69,28,-10,95,91,16,-10,-37,-96,-65,-28,-38,-3,-66,-86,21,60,-35,-56,62,2,50,84,-64,-64,-4,52,80,-40,-46,-40,-33,58,49,-60,50,-35,29,-87,-55,63,-39,-17,-40,-28,-27,57,-68,14,-98,93,-83,28,54,-71,63,-73,57,20,-37,-88,80,7,69,6,46,-4,48,-25,-15,92,-85,46,-47,-25,-82,2,-91,-74,-83,-90,95,-90,37,27,-85,-23,53,71,97,93,82,54,0,52,-40,-54,-52,-92,20,33,77,11,-44,-93,62,-50,8,71,-48,1,80,-53,10,-5,73,24,48,4,-4,22,-3,-22,-24,96,-93,13,-81,-68,-3,15,41,-49,-74,73,-43,88,99,42,59,-49,-57,16,-26,53,87,-52,-46,36,28,49,-65,-98,-95,-12,74,87,-99,92,95,-26,7,13,25,9,-14,58,-3,-15,0,-67,12,20,26,86,-27,13,-89,3,-74,38,-70,-39,39,-66,48,-10,97,25,-18,93,98,65,6,0,-49,69,-41,25,-69,35,57,43,-45,-40,6,4,73,16,-92,98,-46,-63,-64,69,-53,60,-64,-56,-15,-6,-86,-39,-64,-3,60,-14,-34,-81,-89,-27,54,45,-84,85,-95,21,-10,54,-86,-3,30,-56,10,65,89,56,26,-75,99,87,18,-86,-52,53,10,-91,-60,52,-96,-73,-75,34,71,-82,20,53,15,-90,7,29,-17,-63,72,92,-97,62,48,5,86,24,-8,-18,37,40,-65,-76,48,-26,52,28,-22,77,-37,-51,71,82,-98,-14,68,9,-85,-49,22,64,-57,24,3,67,-94,-11,-9,-2,70,-94,-62,82,-94,62,-44,58,-33,10,12,29,59,-17,11,37,45,-44,-54,37,6,45,1,25,-31,-96,-8,-25,-31,83,49,-83,88,63,98,93,2,-69,28,68,41,-60,-2,0,-1,85,-63,-55,-58,-40,81,47,-95,-41,-50,-50,-38,41,1,7,24,-50,23,-11,-87,21,-40,14,52,87,-40,-7,-72,57,69,3,42,82,47,60,-81,5,-15,99,63,34,-73,-98,-25,27,9,76,54,-68,-35,43,30,1,-65,-41,-11,-6,28,-7,-72,-26,95,69,-44,20,7,-48,-75,91,-72,88,25,-46,66,76,58,-25,29,12,-16,71,-68,90,-28,-57,-51,60,36,76,-70,63,-73,-74,10,-18,22,-83,10,46,84,38,11,-14,91,-22,-38,49,29,68,-62,89,39,-53,79,-89,-11,-95,48,-97,57,77,42,83,79,-48,-34,1,-55,52,-52,-94,-10,35,-9,-41,-87,30,84,42,-2,99,31,-63,-54,-12,-76,11,-8,71,13,-50,26,-44,-67,5,-16,-25,-93,29,-72,-69,34,17,65,-97,75,55,32,60,-26,-70,59,81,-57,81,-31,-34,-8,61,-85,82,87,40,-62,-80,-55,21,-28,-72,-73,-1,-65,38,92,-99,40,45,55,-51,-18,-94,-45,-82,86,-3,98,-44,39,-33,93,53,-51,57,-7,-37,53,15,61,-75,42,64,0,77,2,-7,54,-81,-85,-14,-56,-4,-9,-2,-10,-23,71,-12,9,11,31,-21,-59,57,-64,11,-80,89,-74,80,-86,44,22,-9,-2,-76,83,-48,-80,74,14,-37,-30,-95,38,59,-41,9,-76,44,96,31,-76,-85,-12,-64,25,-15,-75,50,-58,-84,-6,63,6,92,64,-34,-79,83,-60,35,-77,9,16,37,-55,51,-76,-55,-27,96,75,-27,-89,-59,8,35,25,33,-38,66,25,33,30,-69,2,-6,-27,22,-46,12,-66,-47,97,27,90,-81,-45,-86,-37,27,-90,-62,99,97,-22,-15,32,-97,-82,71,46,19,4,-47,26,-94,46,98,4,76,10,38,-71,-16,-58,95,2,-4,-91,64,-99,95,78,76,92,-66,-39,1,-87,-45,-28,58,73,75,-89,-1,57,33,-26,-38,9,83,76,15,-56,-82,10,45,-10,-4,9,-33,-9,-35,-56,-40,-2,4,37,10,59,-90,-31,9,61,-21,-91,19,89,-18,80,-2,-57,56,89,-14,50,0,-91,-83,95,-6,-16,-37,58,27,-1,-44,-92,-64,66,43,-55,-88,-47,-93,-33,-39,2,-44,19,-18,31,38,-85,20,-98,41,-80,-90,57,91,3,-82,-46,-38,21,29,-6,29,65,-63,-28,-90,-52,24,92,15,61,-6,47,-42,52,-22,95,43,98,96,-39,94,82,-81,86,-14,-87,-83,24,11,46,-82,-60,-12,-45,-12,-26,-21,89,-33,93,27,37,41,84,-33,95,57,86,70,30,-52,65,13,-57,28,98,-45,44,-1,65,-33,-7,81,54,24,-53,-71,-96,-64,-28,73,39,85,-9,24,-71,-13,-42,-84,-43,87,-37,98,0,5,26,-25,59,-52,50,2,-9,-56,-40,-54,67,6,-49,47,18,22,21,-42,-16,88,58,13,-48,-84,28,9,79,90,-16,-20,-28,-89,31,-92,-42,-18,9,25,25,69,70,-31,-48,97,93,70,-4,-9,-95,80,-21,39,-30,31,31,97,-83,10,64,0,89,-64,-13,21,-57,21,79,29,-53,4,-25,93,49,26,91,42,-27,-13,-67,-46,-56,12,92,13,-80,23,-13,-64,-66,-49,12,99,-14,99,-3,6,-3,-24,-65,43,79,9,37,29,-65,5,-52,-15,91,-19,38,-87,69,31,25,88,-69,-87,-99,-36,-37,-11,-36,26,-35,60,-68,62,-63,-57,5,92,51,-81,-2,62,23,46,-53,-8,-96,85,4,72,-7,-71,37,23,-82,14,64,-42,-97,-95,60,-55,64,68,-93,77,-89,-12,47,61,-16,-78,23,-93,67,47,-25,47,9,78,-4,78,84,-90,-22,78,23,-58,-64,3,-54,95,47,87,63,30,41,50,94,-12,11,-22,10,-88,-38,-46,35,13,78,-56,-8,-26,98,-47,-16,-24,-69,83,18,-56,-37,40,-61,-90,27,79,16,-54,6,-12,33,94,65,-80,82,-96,-49,17,17,-71,37,85,-21,35,-62,39,87,-55,0,5,-12,62,-77,4,72,49,-40,-35,71,65,52,-18,59,-5,1,41,-2,28,-65,91,33,71,53,89,-17,90,28,-29,-87,-72,75,0,90,74,-96,39,24,-60,80,-28,-94,33,53,41,-95,-68,-17,-21,59,17,-29,-30,-34,-76,-41,48,91,63,-81,-96,68,71,-20,35,45,-39,-26,-54,0,-69,18,-18,40,-29,-76,44,2,-17,-76,-61,99,-29,8,-58,-29,43,90,-38,6,85,-58,-49,56,22,85,-21,59,-64,24,-41,-33,-81,41,-93,-33,64,28,45,-76,51,83,-77,-78,-32,-58,-8,87,-68,31,-29,-83,49,21,50,-52,7,-71,-93,19,29,-34,85,25,83,69,91,47,-3,36,47,-75,-3,69,-54,41,87,14,6,-81,-78,76,-87,71,-26,62,-81,57,67,-74,-23,-27,-32,-61,97,-49,-92,65,74,-19,2,21,5,75,-33,27,-7,-45,-81,98,-50,-60,51,-38,87,-74,-99,83,59,44,85,-64,-82,-47,-48,91,-20,-64,57,-46,17,-64,74,-78,87,-82,26,-20,-28,44,-44,22,83,-93,60,48,-91,61,31,68,5,16,80,-1,45,-68,-9,-75,-55,-75,-45,61,-40,-94,59,-53,-77,-15,3,-28,-71,58,93,89,42,53,37,27,-9,-55,-5,73,37,-47,-28,-41,-39,39,-17,5,40,14,-34,76,19,-97,99,41,-13,3,-87,-7,-62,82,-18,56,13,95,-16,-96,-83,55,53,53,-92,-97,88,-54,18,-52,50,-41,61,93,-65,-20,95,-65,-79,-41,14,-89,51,51,92,-90,8,-18,81,68,-14,97,23,-84,27,8,-82,15,53,36,62,3,94,0,-27,-94,79,-32,-60,77,4,53,87,-45,-18,56,-58,66,-61,-77,34,24,97,-66,16,24,41,34,-83,-6,-30,55,74,-59,-44,-53,-54,-88,-8,-14,88,95,-84,75,-73,-26,32,-32,-60,70,-32,50,-29,-35,84,86,65,25,20,58,96,66,-9,70,-93,23,93,-70,34,-15,-8,23,-20,7,-2,-16,58,-93,51,97,76,95,48,-53,-63,9,-89,-97,-66,7,37,-93,-26,-72,76,-43,50,47,-14,-15,-68,77,84,-11,-38,-18,72,-80,-11,0,-83,-58,-4,41,-34,32,-50,-24,11,-39,82,-51,-33,-67,-47,-79,-10,80,67,75,-58,75,30,-74,-36,91,-16,-87,-89,49,13,-96,91,-91,45,-43,17,71,9,-71,-91,-32,-46,-47,1,6,-50,67,-14,93,42,4,68,-28,29,-90,-60,-86,-78,-50,62,11,-46,30,19,75,86,-86,23,-28,-58,32,40,-28,84,-82,77,-89,84,-59,-96,26,44,48,75,-49,57,-85,-59,56,-58,-97,-33,-28,33,63,-53,-4,76,46,45,94,-22,-15,-34,-61,2,-80,-51,-14,-63,-71,88,81,77,40,-91,11,32,-51,-33,73,-72,34,-55,37,-26,-32,-89,-73,-86,55,-79,-31,-60,-37,7,18,-41,33,80,-4,61,68,-46,15,9,-38,-73,-82,10,-7,90,14,-96,-88,-48,-23,-44,-38,-20,-31,-83,0,14,-67,39,-78,50,98,31,30,-6,-31,-25,47,84,60,85,-89,77,-28,-20,44,85,-16,55,-63,37,-89,-25,-82,-43,-32,-6,47,0,-66,45,-73,-91,-24,33,-21,45,85,-74,6,45,87,16,0,-41,95,-56,-56,-44,76,-42,70,63,9,87,-80,77,-42,67,-46,-32,12,-19,-24,65,90,54,-13,75,56,92,21,43,-15,-79,78,-43,-59,99,13,-83,-43,-17,80,42,-53,76,19,-19,20,50,49,-90,-69,-98,74,97,33,-62,73,-34,-70,-29,86,14,-32,64,70,8,63,-40,2,96,19,-18,39,42,-42,-65,-76,55,84,72,64,91,50,15,89,-40,52,39,26,58,-90,12,-28,-23,-24,-81,61,-83,-44,-37,-87,74,44,28,17,79,63,40,11,24,-11,-25,16,-84,66,-18,-24,18,-79,-98,-24,-70,-10,24,-17,42,19,-79,58,74,-16,48,49,-95,-47,-57,60,-84,82,-29,17,-52,22,-67,-37,-12,-9,15,-94,11,16,-42,17,82,81,76,25,1,96,-17,-25,-20,-92,-99,-38,-39,-57,-78,-47,-98,-30,69,-51,91,78,-11,-20,-31,-96,-15,56,-3,20,-50,-21,1,-74,-96,78,-77,-36,-69,-21,-52,-92,17,8,-49,39,38,-71,85,-16,-22,76,-37,43,-44,8,23,18,-58,-80,-62,-9,-1,15,17,-21,-29,16,19,1,71,67,-15,-11,-48,12,-95,89,41,89,-26,95,65,13,38,98,-79,-39,16,-38,-42,53,53,33,-32,-53,-88,38,39,31,-84,10,-25,1,75,26,-87,56,16,30,45,66,25,-12,-21,-60,-14,-24,-22,-98,38,35,31,-32,-32,75,-9,-44,-9,-70,63,6,16,-62,83,-31,64,73,-75,-43,3,70,-77,-94,-65,1,-55,20,76,22,-2,-9,-43,-71,35,1,-96,-74,57,-6,-68,-3,77,25,35,60,93,-24,10,-82,32,90,64,31,95,98,-91,-83,-5,61,39,92,-47,72,-79,64,-26,-75,67,-92,-5,98,-19,-28,0,-84,-90,-7,-9,-4,-12,99,-14,-48,30,-42,-72,38,-25,22,0,-86,15,29,62,35,-7,-87,36,-40,96,-68,-64,-22,-20,35,-7,-34,-94,61,62,-7,37,-52,44,-32,-17,71,82,57,-6,-41,47,-91,87,9,20,-42,22,-66,-6,-5,-58,29,72,21,-58,-57,87,-53,-96,26,39,40,73,-17,84,-44,-68,67,89,2,-97,36,-13,90,-77,-93,-52,21,-83,18,-84,-42,-52,88,56,-11,-69,20,35,-89,-54,-49,27,95,33,-11,-71,41,-67,-82,-57,-65,31,29,-75,53,13,-51,-26,6,67,-34,64,91,-69,-3,-43,-62,-83,68,-52,-61,-81,52,-66,28,-59,-38,-30,-27,-43,-11,7,87,95,9,40,8,34,90,90,-22,-67,54,-31,-36,-72,25,1,-79,-7,26,-41,11,-22,-30,-83,-5,31,-14,67,87,74,-49,51,46,36,-9,-46,-29,-42,-78,48,-9,75,94,54,80,-4,-45,-99,89,57,-63,-23,-65,6,-7,29,-86,55,-27,78,7,1,29,-47,-63,97,-16,-16,-45,5,-67,45,-43,-96,-24,-86,-1,8,-85,-35,-35,-72,42,0,33,-88,-94,23,44,-44,1,-72,56,-92,-43,92,-95,40,-23,-41,-78,-14,81,-44,-34,-43,-31,64,41,-40,-70,-93,-13,48,-17,-80,36,-12,20,-20,43,-79,7,-24,-95,64,-31,-91,-19,22,-55,-20,84,-97,35,-50,-64,-96,90,77,-36,-80,83,50,44,-34,47,-19,30,-33,60,-49,-36,-55,26,-54,85,71,-46,-57,-30,-25,22,-46,-23,-66,-20,-10,-62,-52,-33,-22,-33,-73,-95,-88,-31,28,-31,75,71,-71,-74,-64,-50,29,-19,-88,0,11,-68,70,63,53,-99,-83,64,-42,6,78,5,49,-44,48,75,-63,36,-79,65,-95,96,36,-89,98,48,-63,27,-94,-74,-95,-6,-43,51,-43,86,51,-27,50,85,56,28,-33,5,60,92,-42,97,28,-22,39,10,-26,-48,20,-27,-99,33,76,82,58,80,-24,-85,31,32,-98,-40,82,28,-78,38,-66,-11,-57,93,-19,0,67,85,78,-17,-5,-71,35,91,-22,12,2,-45,-6,-40,-88,47,-48,43,-21,-70,-97,-39,57,-99,98,90,-11,-81,61,46,18,28,9,-27,-88,80,2,23,49,56,-65,-49,-89,5,10,-77,-48,61,42,8,90,21,45,25,21,44,15,87,62,-47,33,-43,81,-81,30,69,99,-91,-31,48,64,-20,98,75,84,-15,74,-86,-76,-7,21,90,-86,-34,15,34,86,-92,-2,25,-40,-68,82,-82,-73,-11,63,-74,-3,-68,50,-39,11,25,-87,-27,-89,63,-37,-89,-44,83,-99,-54,-74,-7,80,89,0,-22,14,36,-14,-27,31,13,61,-29,15,-65,3,-34,-27,90,90,-38,-60,77,-97,2,87,-42,-38,65,4,-12,-42,-39,-23,34,15,67,-30,78,-82,77,-32,55,-51,59,90,28,-98,-60,-5,69,1,35,46,-20,-63,11,38,-1,-24,-81,63,33,-44,-83,-33,47,83,13,2,77,-32,69,33,16,6,0,-79,7,39,15,-24,-83,-50,99,-3,-13,10,-88,62,62,-93,25,-5,-61,41,38,62,1,-72,-35,-21,-5,-89,88,-89,16,-12,-92,-76,-96,23,-24,-80,72,-25,-7,-64,61,4,97,23,-13,-1,-82,25,-83,32,-12,18,60,29,73,-45,39,61,-57,-67,-74,-73,-67,-71,49,8,-52,22,83,18,34,21,-78,9,-55,-14,-92,-61,-89,-98,71,-25,-4,8,-96,-54,39,20,83,58,52,-91,85,84,-63,34,-31,-39,-67,-48,78,44,50,77,-47,94,-37,-63,-67,-50,-62,80,2,10,-12,5,55,-95,-98,38,62,30,46,47,14,59,-41,83,-79,-32,-88,75,-88,61,29,-36,55,91,-22,65,-81,-8,45,20,-97,-89,-98,57,-85,-96,-27,76,33,-81,1,-75,55,36,-92,52,-96,95,27,-84,34,-43,-44,-34,-75,33,-69,-57,-74,53,62,-95,40,64,38,54,44,-89,7,-23,-93,84,1,61,20,-15,13,24,-42,-83,39,91,-27,94,-43,-2,5,-35,17,7,-82,-20,11,57,-79,-74,-12,64,-63,71,-59,-57,56,19,80,-24,-96,-7,76,-39,9,-8,-71,59,-36,-14,-66,68,50,50,-25,44,-70,62,-22,-50,64,65,-86,-99,13,-68,-80,-31,50,76,22,30,-31,-2,68,55,90,96,-9,-69,-41,24,98,85,-49,-50,6,-42,88,83,-16,52,25,-25,30,-61,6,49,-16,-67,26,-94,39,71,-19,7,3,-52,-19,93,-22,39,-6,-47,2,45,2,-92,-97,-10,91,-14,-81,-7,60,48,8,-57,-25,92,-25,77,97,-85,25,-45,-2,-71,2,78,98,56,-5,-30,-91,73,-85,10,80,93,76,48,-44,72,-58,-83,20,49,-64,94,18,11,48,16,2,-26,47,99,-21,-50,55,-23,-94,-73,46,-85]	11081
[-32,-54,-36,62,20,76,-1,-86,-13,38,-58,-77,17,38,-17,43,32,-88,-19,-70,95,0,-64,75,15,-87,-26,69,-95,-65,-18,-28,-43,22,-88,54,-25,-13,67,61,-74,-91,60,42,24,-80,-15,-44,-91,42,-38,-96,-58,-3,55,33,-13,-71,2,-9,-60,60,39,-26,-41,50,-72,33,-62,94,-28,-37,79,-68,81,3,-71,-57,35,-63,61,96,-83,-97,-29,48,35,57,76,-86,-52,92,50,86,-34,85,14,-30,18,51,-36,66,90,-79,75,48,0,-96,67,-64,-83,28,-91,-90,30,-44,57,-58,-87,10,-68,-63,-21,81,-76,45,66,14,-85,-39,-58,-44,-95,-68,-47,79,56,52,59,23,64,75,-49,50,61,57,-94,-5,98,95,81,-70,-68,-40,87,-68,-95,30,45,96,90,86,-71,94,94,-19,50,27,-90,9,-50,51,-39,-23,-22,-78,-66,-17,-7,-68,-22,-26,-62,-13,34,-75,18,38,54,-36,11,22,-73,39,-7,98,96,-56,25,83,52,75,34,-86,-48,-88,-88,-14,-29,5,-6,26,78,9,-87,12,10,30,-72,-58,70,15,63,97,-68,-67,95,-72,-24,20,-89,-94,-28,21,-81,1,32,-93,63,80,11,-43,6,-33,42,18,78,-47,-75,82,-6,95,-25,-66,69,6,-57,41,10,19,-62,21,1,10,-81,19,-89,28,2,73,8,-86,-93,-86,-20,49,8,-65,78,32,94,-51,27,-31,-41,-27,51,1,-86,-39,96,-48,58,-3,38,77,92,25,5,-5,-25,89,-15,-42,79,41,83,-13,52,61,-81,23,86,23,68,-55,72,19,23,86,80,19,-85,38,93,29,-8,85,-46,73,-43,5,62,41,62,41,-41,23,-72,-88,-39,-76,34,-52,23,-20,-31,-5,98,91,-19,78,-12,-28,-6,-19,-99,85,-34,-69,59,0,12,-2,-82,-25,-60,-23,74,-56,-35,-65,-33,75,-18,89,-45,51,-38,-46,19,42,-91,-93,91,-21,-13,91,-35,30,99,-99,-70,11,-2,-53,62,14,0,36,58,64,48,-98,40,-70,68,71,57,-70,-75,-23,48,-89,-17,39,-11,70,8,30,-23,-16,7,6,94,82,29,34,-4,-70,-53,-69,70,94,-67,-13,-98,77,-41,58,-93,-40,-88,31,-30,-5,-29,36,-58,55,-34,18,-84,73,-99,86,32,29,20,-72,35,67,-64,6,38,-55,92,39,-78,-72,-2,-95,-12,9,35,34,80,82,-30,-78,14,13,16,29,-37,16,16,94,-54,-87,98,57,56,-66,-37,-5,-22,-44,-66,-24,-17,8,-20,47,94,92,-18,51,74,28,50,-11,-59,-34,94,-20,59,10,-26,-95,23,-27,61,-21,-17,-98,50,38,-66,84,-86,-7,-31,-6,-59,-60,-14,22,91,-63,-73,41,2,-32,83,-3,47,42,83,98,23,6,-52,-38,62,30,-37,12,-32,-4,-27,-18,88,19,52,-94,58,-85,4,26,-72,31,-56,30,75,-72,-73,-1,69,-90,-3,-30,-7,44,31,-68,-48,70,20,19,-57,93,77,-92,12,29,-86,-53,20,17,73,48,-75,-83,-22,76,-79,-19,-24,67,-33,49,-63,36,-29,44,67,22,14,-12,-59,56,-42,-81,40,46,24,53,92,-55,-52,42,92,-51,36,-53,-74,56,4,1,0,70,-73,36,7,-3,-43,-49,95,70,38,-63,3,95,-68,-56,41,32,73,11,76,-79,-47,45,-53,65,68,-28,-1,-28,49,98,-80,75,12,26,-50,68,76,-55,16,-8,-42,-81,-36,-34,-61,-94,98,-87,-7,51,-90,22,-26,-44,-12,-58,4,63,-9,-47,61,10,-94,-50,-87,-68,95,65,-24,11,-43,11,6,-2,76,45,3,74,34,95,26,43,-6,76,76,81,94,-20,44,-15,10,-17,71,-8,9,83,23,4,26,75,-85,59,-37,-2,-43,-60,-57,36,90,53,8,-7,-27,-97,-31,-51,83,-36,6,5,25,92,64,-3,-39,-27,-43,60,77,82,12,68,19,75,-34,75,-85,-15,-11,-95,-62,96,-2,11,98,66,36,59,-93,-81,-59,32,87,-95,-71,-52,-23,-38,-92,-69,-78,20,99,40,-5,-58,-8,-14,27,80,-10,41,77,64,-71,52,8,42,11,14,60,28,-77,48,32,-72,72,86,-10,80,93,11,-23,69,-72,48,-88,19,-89,15,-23,-23,-67,-46,-58,-38,82,26,-96,-29,-83,40,98,-60,-12,31,-33,-62,-6,33,94,-13,-79,-29,-43,-52,95,-55,44,-94,36,-79,-18,68,-49,0,-70,-67,-74,-90,3,-80,50,-21,-41,-85,86,2,-48,-20,-64,-54,43,-44,-7,76,-19,-35,-79,-75,-53,33,-78,6,2,-28,-94,8,-19,-91,18,61,-72,-55,-60,-37,-41,-74,64,-12,-18,76,10,-75,-67,80,-98,-10,-55,98,14,-31,32,35,74,-89,83,56,18,-36,64,-87,-75,68,-43,-59,-69,-7,-57,95,57,24,71,-33,49,80,-53,27,-30,-31,2,60,14,-89,-28,-12,-79,-45,-56,39,-4,-91,28,-3,76,85,38,84,-45,80,79,-88,5,27,-22,-69,-15,2,34,31,47,-64,-8,-39,-53,40,48,-56,95,68,82,-32,76,-12,64,30,-27,-21,14,4,-40,-30,15,41,73,92,48,-42,-29,-18,66,-82,-6,-65,-22,17,74,-97,61,46,71,20,-86,24,-92,55,-69,-43,-66,21,60,-7,67,-25,-89,41,-55,58,75,15,-83,18,10,11,52,64,-72,27,67,65,-50,15,-14,-59,-61,-7,95,-53,50,-71,67,10,-1,35,85,-14,-47,-70,-78,-95,21,-62,23,-69,25,-25,95,30,78,62,-5,-94,-46,80,-54,-8,-26,-59,15,-99,-54,-17,10,21,94,-28,-92,-53,1,-71,-49,99,-34,50,-70,68,-74,-75,-2,80,63,92,85,-83,73,-69,-14,-76,-52,-99,-76,-29,-40,33,91,-46,-94,98,-23,-17,-96,5,-18,-53,-45,-11,-85,-43,13,12,-62,-46,-19,99,-53,-46,-92,9,-46,-45,10,-23,2,46,87,-6,77,69,-31,-46,-71,-27,35,-12,19,90,76,10,-76,-34,-78,-62,19,2,-62,43,33,-55,-48,86,-24,38,-59,55,-15,-72,-74,-38,73,-6,-8,-98,43,-72,-11,-61,94,-35,48,94,31,46,-67,-73,-74,-53,46,58,-32,98,21,43,36,38,-25,97,65,0,-64,38,94,5,17,14,9,-94,53,3,-52,-22,-26,55,-75,6,58,-73,52,5,84,-80,3,-18,40,-84,-79,-85,-86,62,15,-74,-22,-14,30,94,99,-84,76,29,-5,-76,84,69,55,-91,-25,14,-88,-95,-81,72,-76,21,-46,40,36,-49,32,26,-86,-53,29,-32,9,-64,-61,-15,-48,-85,-85,46,-84,98,15,70,83,67,-16,94,71,2,66,71,-77,96,12,36,-52,-56,-61,-62,-33,44,-18,52,80,20,-63,-68,34,-72,54,49,-97,-30,20,62,-86,80,33,84,-17,-24,55,-18,-27,-56,94,-3,-36,-66,11,7,77,92,-41,34,12,-27,65,-77,-23,-3,72,-20,43,-31,-81,56,-51,52,40,8,-72,-28,90,-23,-7,84,50,33,-82,-62,-59,72,-93,-24,6,18,48,-51,18,-74,45,-10,-18,-12,35,0,-79,83,-71,37,-31,-66,-91,-41,-13,-22,-57,-62,-88,-62,-48,-71,-90,-41,4,-8,53,-70,40,-29,-68,-38,37,13,26,-28,89,46,-67,-81,-17,1,-48,-31,36,38,46,78,52,34,-84,81,62,-98,-60,-56,-29,69,-27,-89,-82,4,-50,54,93,75,-96,82,22,-64,-99,-95,13,-71,-50,-51,67,96,-96,-4,30,96,-23,-30,74,-7,13,-55,-37,85,-67,-20,-34,-18,-66,-41,-43,-63,-82,55,-51,-81,37,38,-53,86,63,90,59,67,-13,-33,63,40,36,37,-66,-51,82,-4,-89,91,52,-24,-27,85,11,6,99,28,-61,-75,23,75,40,47,38,3,37,-2,-30,-99,64,-67,41,-23,47,74,2,6,-53,12,-3,98,64,69,60,-48,-48,36,79,-10,61,-20,-58,-22,-73,80,80,63,-45,-49,41,95,-40,-18,-28,-93,-67,73,12,-21,-38,-91,-46,-97,54,-86,-46,-93,50,-67,-27,-12,-11,15,65,15,-28,22,-44,3,72,96,-2,-90,-45,46,92,-36,-4,-18,19,57,-33,72,59,-78,62,-87,-95,-11,-78,-46,76,11,68,18,-74,-83,-82,-42,19,89,-46,-83,75,-15,62,68,48,-42,-50,-33,91,16,-84,50,14,78,39,-5,-33,38,49,-79,-51,-6,15,-49,11,32,9,-70,-1,39,-53,-26,-75,85,-81,49,-79,-55,-83,88,38,-91,39,-48,63,-45,24,-69,92,-27,-72,-82,66,42,-54,-23,-48,31,7,50,-30,30,-99,-29,-8,-80,-79,-11,-36,-86,-22,78,-78,93,-69,85,-52,54,92,-82,-96,-80,-88,69,38,-43,-76,89,87,7,16,-65,-63,17,5,5,13,25,94,53,15,-28,32,37,-58,39,-1,-34,-30,-9,-17,-27,-13,-28,-81,-98,28,-58,68,-7,48,-16,27,61,-99,-91,-56,-10,34,-62,-56,-51,-14,52,62,27,-9,-39,92,60,28,-47,-90,91,24,-72,93,-71,-53,38,21,94,-78,-75,33,99,-66,76,-11,67,90,9,92,-24,-39,32,79,51,69,71,-12,-25,-99,-3,-34,24,25,-64,53,48,73,-49,19,72,-24,-48,71,9,-95,-63,-47,94,46,-78,-30,-93,53,-74,35,0,74,-77,74,74,20,-83,-24,-78,-70,-94,46,79,-44,-35,51,8,17,22,93,21,59,-77,16,-18,-55,62,-12,74,88,99,-26,62,-77,-75,13,19,-58,88,17,-29,93,-37,-50,-50,27,78,57,-56,0,28,42,-64,50,-65,17,94,73,82,46,61,81,96,0,80,98,-86,-1,-60,78,92,-13,72,-45,13,98,82,-9,32,-97,68,-40,21,-96,-89,55,-2,81,29,-43,4,-33,-85,1,44,95,-1,34,-29,15,12,-36,-98,-39,18,-9,-41,-23,82,91,-43,50,-72,77,30,-62,10,-95,-80,-84,-39,23,-41,-47,-99,-97,-75,-24,13,-5,90,-74,35,68,-37,-69,-40,22,-16,-58,-10,40,68,17,-5,-2,32,-95,-20,51,-80,40,-49,-45,69,-71,-42,93,4,47,-34,-5,49,-99,-37,-87,-92,-1,11,-8,17,-99,-68,-15,-6,26,60,-74,7,-60,76,26,56,-95,81,26,-67,-84,19,13,39,61,-92,-11,62,-52,1,69,23,-88,-39,-59,-88,-30,25,-18,95,-15,8,3,24,-39,-94,-42,-35,63,83,-26,55,-21,87,-5,-59,71,83,79,95,-39,48,19,-28,86,59,-40,-67,-16,41,-95,46,-74,-16,-53,-13,-33,4,51,-70,-13,-97,62,43,66,-66,83,37,93,39,10,-46,-36,-71,2,-50,87,38,-41,-52,-44,-36,70,-18,47,-82,68,-86,21,-4,-79,85,-2,59,28,-59,92,-12,78,62,-73,-35,-84,-10,-7,17,17,-43,-68,75,4,-13,-84,-25,68,40,-31,36,30,89,-67,50,51,7,-14,-44,48,-45,43,3,-83,46,67,-68,-86,-40,25,7,-7,56,-41,73,-79,-25,-52,88,-85,-7,25,44,-17,34,-28,-89,-82,34,-33,65,89,-90,-55,-94,33,-88,-85,46,-52,16,-47,40,-50,11,14,-30,62,38,-42,53,-68,59,-25,-9,-30,23,1,-12,-43,67,-70,-54,54,-25,-71,-13,-14,-57,-90,11,58,-61,-72,-92,49,41,-23,-11,-43,12,-58,-12,-52,16,55,18,-61,-44,-94,-27,-99,-65,18,54,-14,23,-82,49,65,-73,-40,1,-35,-13,-15,90,-94,39,-21,-38,-49,-2,26,-2,-86,-42,92,-70,13,74,2,-10,86,96,-56,-28,20,-39,-79,-38,-36,-20,62,28,44,-52,-4,49,63,74,87,-86,-51,-10,-12,-60,47,-19,-31,-63,-68,47,27,-82,43,47,-10,-60,-91,10,2,-28,67,-59,77,-12,-35,-27,-86,-72,-76,-99,-82,-27,-33,6,12,90,63,57,-73,94,4,30,-87,-76,-22,-21,-36,-37,88,42,11,32,82,-35,-80,-52,37,-67,-25,38,-90,-7,87,-47,75,-1,-57,15,-67,-53,9,36,53,-2,36,-69,76,99,-30,42,18,58,-26,1,-77,-29,48,37,-20,99,-25,-10,-8,-38,42,-56,37,62,58,69,-91,-32,-18,61,42,94,69,-4,94,-84,-62,-11,73,-12,89,73,35,14,10,-84,14,61,-18,82,99,-99,-73,36,62,84,-18,47,-71,40,9,71,34,-45,-56,5,-30,-42,94,-79,45,60,93,-42,-25,-20,-27,88,-59,54,70,-60,54,96,52,-6,58,-89,-59,86,27,26,34,-39,80,77,43,-72,-65,37,-75,57,-3,-82,-85,71,-3,-36,36,14,94,-16,30,48,-20,-18,-81,-85,-31,-40,78,95,85,12,-67,43,-33,75,47,-22,-11,48,-88,86,65,-74,34,-61,-34,-52,29,-40,31,-41,85,87,40,-96,-97,85,-60,80,80,-97,-31,-87,45,35,65,-31,90,-46,-83,-98,-83,58,-95,28,73,-30,75,2,7,-17,60,-8,-30,-23,-28,-51,-38,12,-94,-81,14,-25,-92,-64,86,72,4,53,-73,-3,55,-57,-68,59,70,-95,-94,22,-17,-11,-95,-57,80,-48,-4,-47,0,57,64,6,52,-45,57,59,-10,43,32,70,-3,35,-33,-71,77,-2,64,25,-21,46,-76,61,-64,-94,80,92,-43,-24,-55,56,-90,85,-61,61,-83,95,20,6,16,-71,-24,89,63,19,94,18,93,58,-80,-28,4,-57,-90,16,-52,89,9,4,-58,30,-62,-49,-7,-24,-88,9,-51,9,-84,41,37,-32,30,1,87,24,-81,80,-41,-62,-70,39,-43,-61,-44,-18,-94,41,85,-53,-29,99,-25,63,-47,-14,-27,1,94,-35,-58,9,32,48,-90,19,-51,-95,-23,-16,-81,-17,-77,-48,-2,-45,33,3,95,-4,27,-33,-5,-98,-93,47,-36,-44,-52,-64,20,-34,44,-70,90,30,25,-61,11,-98,-1,6,-16,22,57,82,76,-9,-38,49,63,65,92,-42,43,98,-94,-92,-45,-70,-57,51,-27,63,80,-37,-7,6,-21,80,-16,77,-14,45,-24,-80,27,-70,-13,65,78,-50,8,47,8,-49,45,-10,-42,76,19,-23,5,68,-83,-15,-91,-14,67,-13,-34,-48,-59,51,96,-6,48,0,23,-65,-58,-22,-15,49,-75,92,-99,46,-41,-65,0,77,-11,-95,23,5,-11,31,91,-66,-82,-43,-15,-65,85,-42,28,33,57,-72,44,98,-18,-71,48,-17,97,25,-70,-44,59,6,-89,-52,10,33,53,75,-36,44,-91,-42,77,-30,-8,39,27,97,-51,-16,-98,93,-40,-16,-78,84,66,-80,9,72,-48,-32,-45,-38,-7,64,94,-77,17,-42,43,25,-8,20,72,84,-63,-1,58,-15,60,59,-22,-80,-80,0,80,63,-4,-11,35,47,33,90,-90,-97,31,80,-75,-52,-84,67,50,7,-35,-1,-32,1,97,-74,85,34,62,-59,30,81,40,10,44,-87,98,-43,36,9,-76,45,11,54,3,36,79,18,-20,6,-98,44,-95,-30,-78,78,-28,84,13,-66,-75,-57,92,41,30,36,53,5,69,-11,-86,92,-88,2,24,-9,-85,-20,-91,-6,85,-90,-84,66,-44,-86,44,28,97,-66,61,98,-23,53,39,83,-33,-31,-12,-87,35,2,82,46,80,6,-63,94,62,-78,-12,24,-92,-20,-10,-36,-6,-89,68,-32,-55,29,-33,-2,-40,82,-19,3,-48,68,15,86,-53,-3,9,-73,79,22,-79,41,43,-14,-35,27,42,31,67,-64,42,35,-19,86,-58,47,-16,1,29,64,80,57,9,-5,43,56,69,-71,82,48,50,-96,-33,-30,-34,8,97,-92,-83,41,-79,58,-23,1,21,18,-75,81,95,30,22,75,-12,-69,-53,-92,86,-84,-63,46,41,86,26,84,-66,91,-31,-69,98,-15,48,95,-80,-75,-4,40,42,-3,-2,14,-72,96,-11,15,-72,36,-1,90,28,35,36,-54,-1,-61,-93,32,-70,-24,39,-94,60,-13,-99,57,-11,-26,-26,-92,70,72,22,97,68,-89,-11,72,23,88,63,-71,0,-24,-26,75,15,-42,-16,21,33,-77,26,-30,-13,4,-73,75,77,1,82,47,-50,4,22,-82,-8,-89,67,91,75,30,-80,-47,82,-29,-72,-26,28,12,95,-62,11,-2,7,97,-98,11,49,55,88,9,3,-62,89,-75,-68,-19,-88,98,-27,87,5,-31,-60,-35,39,-56,38,-56,55,10,-19,-33,85,88,-59,86,-24,90,19,-36,-24,-78,-22,-35,-77,9,23,-66,-15,72,97,66,-59,-86,-69,80,-42,46,-76,89,-67,-18,-67,-82,-53,-26,81,22,-59,0,62,16,21,-60,57,20,25,-20,30,86,-48,5,53,-7,18,60,-50,52,6,-50,19,39,31,51,33,77,-75,14,-24,-58,-86,-62,34,11,-23,-8,-69,79,71,38,65,-99,-57,18,-7,37,-21,19,-33,61,45,85,-23,-23,36,-89,-69,38,24,7,79,38,21,14,-74,75,-94,-66,54,53,71,19,53,-86,-85,-77,27,-30,18,93,-92,-36,78,-15,17,-8,-5,47,-70,95,-69,85,10,52,-24,36,27,-42,69,-42,-88,40,53,41,30,44,64,-66,-86,-18,-72,98,22,82,-17,-61,-49,54,63,-43,49,93,-57,-40,22,-5,72,-74,53,41,-40,64,-42,-86,5,64,57,-54,74,48,5,78,46,-73,38,-94,-34,88,59,-71,-54,-15,98,-35,21,-2,59,-7,0,12,-89,60,-47,-55,73,35,85,7,80,60,-68,-15,38,54,-11,-47,36,54,-58,-28,59,-36,57,34,28,-45,-68,-36,25,32,53,12,-8,-94,34,-58,17,19,25,-2,-44,34,59,71,-12,-52,-76,-75,78,-58,-4,37,5,-70,-28,-90,-15,3,-26,86,-88,-96,-2,-20,85,-68,21,3,28,-76,-99,60,57,36,31,-78,61,32,-54,39,73,19,-23,-44,25,25,-35,86,-95,15,72,-83,-5,-29,-27,-19,-21,94,83,83,94,60,44,51,-4,-48,72,-43,60,95,73,34,-9,-50,66,-84,51,-92,-97,55,0,51,48,94,98,-78,-25,-45,92,-42,-62,86,94,81,14,-32,-66,-14,1,93,-42,-26,4,48,0,-53,41,-49,-45,20,-93,54,-29,31,48,-53,52,-99,1,44,-65,38,7,-70,-3,-79,-3,7,-16,97,0,41,-28,81,-33,71,-72,-92,99,-41,4,82,-87,74,13,38,97,-57,38,-2,63,49,-86,-29,78,10,-32,-48,-83,51,-50,-7,-30,-2,-49,13,-54,-44,-3,-78,14,-99,-96,4,51,17,-81,49,59,33,-76,22,-18,-63,69,-39,23,-62,-11,16,65,15,86,-88,-87,-63,24,-64,-31,-79,-43,60,-79,-39,-36,49,54,-41,-2,-10,91,21,-88,-50,35,58,-13,-65,95,76,51,37,-9,37,49,-19,50,-50,-7,-80,-29,49,79,-32,86,-80,-83,17,-45,-9,-93,-54,89,95,-5,1,53,82,35,25,35,-37,-38,-74,76,87,6,27,-62,98,23,-15,25,2,52,-12,-2,46,-94,52,-86,88,74,-97,83,-54,3,13,-95,-84,-85,39,-22,-46,65,-45,-59,-52,81,-45,-76,-19,39,25,59,-31,-87,-43,91,94,85,-95,83,59,84,43,81,-13,-66,86,-21,-52,25,57,-22,-33,-88,19,-8,69,50,15,-50,-33,-83,-91,35,-71,-58,3,-76,-73,-16,83,62,-32,3,43,32,36,29,-89,61,-68,67,-61,-25,55,34,66,24,-15,-42,50,51,-26,35,-37,-20,76,42,-20,-97,-74,-37,41,-6,42,-15,-97,-21,90,89,-83,98,57,-45,-26,-11,89,-83,90,-49,-48,40,78,2,-24,-59,81,-48,82,-62,-68,84,-23,49,-45,-80,-89,-43,-25,78,-53,-9,76,80,45,-73,-31,11,-79,-64,61,-51,76,39,50,-71,56,9,-43,15,46,-35,0,-76,-85,54,-57,-98,88,-6,79,-88,84,56,91,6,59,-63,-82,79,-27,55,-72,-74,-28,78,-46,-95,-36,-13,20,-90,52,96,-90,43,27,-71,44,15,22,24,26,6,-43,-6,-87,-84,31,-93,95,80,38,99,82,-90,54,-87,-85,-82,-1,11,-95,-72,7,-86,70,-66,-57,-8,26,64,-84,-48,-29,-51,23,-40,-36,-69,-57,-64,-89,80,-64,92,67,89,81,58,-92,-20,-31,88,8,52,-98,-45,85,-56,46,11,-91,38,40,-44,86,-37,-8,-72,-7,11,-37,-20,-32,-2,-51,-65,-35,-70,69,-51,9,-62,-63,93,89,-62,-74,52,-18,71,-60,-33,-13,79,-1,-50,-81,67,-23,11,-22,40,67,45,-85,-84,57,-21,-55,26,27,31,41,63,24,30,-98,26,-41,-40,-25,-1,3,61,-22,-98,87,-3,45,-35,84,-77,81,52,44,95,67,1,-25,89,-95,78,20,45,19,-79,-48,-3,47,11,56,-78,-90,-64,59,-36,-63,46,37,58,87,-1,80,68,-49,1,64,94,79,-84,83,83,70,-20,28,-11,-22,79,85,-98,-33,18,99,-47,53,58,17,66,-19,-69,24,-31,29,-19,-86,79,82,54,51,61,46,11,44,17,68,-51,82,-54,-95,68,-53,-28,-37,-77,24,-83,80,-82,59,-62,-51,-16,-17,54,64,-3,11,23,-49,-38,-39,74,49,81,-9,17,-70,-50,62,-65,94,85,-17,-42,-92,83,-49,64,78,-90,-97,-96,-7,-38,57,-65,58,-32,34,86,6,95,37,-44,76,-95,72,-93,-46,35,-82,-51,-3,-23,-17,5,-63,33,-31,-85,19,-52,94,89,-13,52,-76,-78,96,34,84,3,29,21,58,-17,25,7,-34,79,-58,-40,-95,16,36,-36,-79,49,96,-34,64,15,-9,58,4,77,-13,4,98,-16,-84,60,86,44,-19,21,-73,-93,-72,-8,62,-53,51,66,62,-36,-70,59,-86,-97,-98,54,-6,-31,-11,75,-54,53,-44,-78,-63,-29,81,99,92,-61,-3,95,-55,24,-35,-93,47,92,49,-14,-43,55,-55,-53,34,-76,77,-94,-8,-57,80,38,95,-87,36,-91,-16,-6,84,-47,32,-19,-52,54,82,12,37,29,5,-13,-84,38,-81,-63,84,53,-40,38,35,52,80,15,-33,53,27,79,61,87,-50,46,-60,58,-96,-35,12,85,76,-50,-8,-19,13,-16,95,8,20,79,-62,57,-6,72,-14,-25,-13,29,-72,91,-15,65,55,34,-12,72,-8,-8,-63,-95,-23,-87,-69,45,-29,20,-71,-34,-72,26,-77,-34,-17,16,-62,45,67,2,-26,71,-30,58,37,-75,-31,-98,96,60,-7,-90,41,47,-77,48,-8,-30,-32,21,12,-4,-76,34,61,6,-72,75,-72,71,-23,-22,43,46,-64,-43,48,-19,-42,44,-82,51,54,59,-25,53,-16,66,99,52,-36,11,-52,-13,-77,85,69,-50,60,96,-79,-85,-26,40,37,-14,96,-15,66,-68,-70,84,59,60,20,-66,-10,-96,76,-11,32,-59,99,56,27,-78,41,-3,-52,-21,-30,-54,-30,21,85,-93,-93,82,-8,50,90,-2,11,49,-42,-92,82,24,87,58,-87,20,75,88,-24,3,87,94,76,-65,-50,-77,-20,19,43,-34,25,27,-75,-83,-23,-85,14,64,40,48,71,-1,-28,58,-66,-16,-45,-90,-50,31,-11,-63,2,-58,-29,51,-36,51,-30,-92,93,94,11,94,88,87,-91,2,28,48,-49,-1,-53,-1,-66,-43,60,-34,-34,-90,96,54,-54,-25,72,-7,-74,-63,-79,-5,-79,-86,-34,31,-92,-46,-5,92,33,-77,17,60,-2,40,-41,8,97,-81,73,-37,-72,46,94,-50,-79,66,43,-77,79,63,-6,76,54,60,-16,61,90,78,54,23,77,-52,-17,-48,88,19,60,85,37,10,-75,42,-66,-81,68,-46,62,11,-46,41,-48,47,-5,-94,-16,78,43,-25,34,-26,74,11,22,-42,40,10,53,-23,-5,-10,86,19,-91,-80,15,77,-49,-23,-35,4,94,16,-72,-11,-2,12,-32,-58,86,78,15,60,-34,-86,94,-94,23,47,-18,94,-85,-54,-9,-77,-58,-94,99,-31,-41,-58,49,-70,57,77,19,-44,-11,63,-3,-25,18,88,-88,83,-97,83,89,2,7,-52,-3,21,-30,64,21,-11,46,-3,57,81,38,-16,-89,-4,-39,6,28,49,-54,-98,-99,63,89,88,47,68,48,36,-52,-44,60,44,76,-69,-15,-26,19,-69,71,-47,-88,9,36,98,-95,73,5,9,22,50,10,-1,-9,-23,-35,-62,-55,-87,50,-8,-32,10,-87,-78,17,-26,-5,-64,4,-34,-34,-8,75,78,-32,56,52,72,-57,-26,-1,52,50,89,-71,-85,-96,-49,-73,53,19,-28,-36,32,-7,80,82,64,93,-36,-69,-64,55,82,-86,99,15,65,71,57,-83,-52,10,43,-63,15,57,-59,65,60,70,-15,-68,-66,93,1,91,75,-34,61,-61,-27,73,71,-68,86,70,46,29,19,-19,45,66,67,-12,79,-18,-78,96,-75,58,67,-14,67,77,-21,-32,45,-69,10,-17,-53,59,-44,-82,90,-57,87,14,48,-17,71,-30,-51,38,34,-94,96,55,-98,-79,-10,68,-17,-43,23,38,2,-32,69,88,51,-84,48,83,-90,15,-74,73,-71,50,-43,99,-80,5,14,53,-13,11,-15,-11,8,75,-66,91,-68,56,29,10,-98,-25,-1,29,-33,-53,12,-24,38,15,-50,67,-35,6,43,-38,87,-42,-85,-25,45,-23,63,-70,-48,73,-79,-40,7,27,70,8,78,-31,-86,-54,-8,25,21,-70,-83,70,73,-18,-24,-6,20,-36,28,34,15,-50,-89,-45,-21,-61,-72,-23,-1,34,-96,-54,-81,58,14,-91,-96,82,34,25,88,27,-28,39,85,25,-67,5,88,37,-60,-20,86,-73,34,-35,-34,61,41,41,-27,21,86,-32,-20,-23,-23,-40,-41,87,61,-76,14,-66,62,0,58,71,81,23,8,-79,-97,-6,-75,36,36,-10,-26,-23,-92,23,75,93,91,-45,-30,-55,-9,5,-91,-47,5,-1,-14,-32,75,-79,-84,57,43,1,54,22,71,78,-65,7,-55,8,61,-48,-91,36,-55,76,67,-9,-79,-42,95,-71,10,1,27,72,45,-20,69,37,-63,12,-62,90,-89,-90,69,-55,-7,-86,30,-46,-57,38,89,-13,14,56,55,11,91,27,16,-22,-72,-80,-49,49,-1,-80,-13,35,9,1,26,19,10,-28,41,-96,-38,-52,-66,4,85,-76,68,-24,56,23,63,24,-50,-21,-97,-45,-2,-47,80,74,-51,-56,9,34,45,-88,-69,-68,-17,71,-88,45,-81,-54,-74,80,-54,93,-67,78,-7,95,3,20,-49,5,74,25,34,31,-1,82,75,85,17,-3,96,24,28,-43,-5,17,78,-10,62,-96,-53,-92,74,-21,85,-33,-49,-12,86,-22,69,37,79,3,-31,-21,-14,-79,-59,79,17,-86,3,-55,-30,74,38,-75,-36,0,-71,-13,-16,-97,65,-53,-54,92,11,-67,-30,-19,69,-51,83,-85,4,-54,-65,44,-98,51,35,-19,73,81,-68,11,-93,-28,88,-88,58,-28,90,23,-5,-64,-8,-93,-32,61,-13,-85,87,-53,-71,-9,-30,-59,-87,-29,91,24,29,41,5,60,-70,-12,-67,-82,-1,90,-34,-11,-9,61,2,82,67,69,44,-69,60,8,-23,66,98,46,-93,87,94,97,11,23,16,93,-40,45,-19,-8,62,57,-40,-72,-54,50,65,24,32,32,-29,-47,39,-69,60,-83,96,36,39,-97,0,10,77,-88,-90,-7,81,-30,-62,-38,38,76,-81,97,80,-58,47,46,65,-43,-45,-64,9,94,-56,-53,87,-60,59,3,-80,-41,-86,96,-53,99,-34,-72,-31,-20,-33,84,-67,-38,81,-87,3,6,58,-54,62,-86,-42,-52,84,-22,-6,71,-5,-70,-26,14,-11,-36,-13,35,-36,29,40,9,-91,-93,-7,-59,-32,-48,-70,48,57,88,70,19,78,-95,43,39,-17,-85,10,77,-56,60,-32,32,-75,54,-55,-35,-17,84,50,-32,67,-79,-15,-88,-28,14,59,-71,-21,6,24,-43,11,-56,95,70,-42,-18,47,2,-57,-85,-66,-56,45,-45,8,-95,-61,-65,-28,82,-45,56,94,26,-30,53,31,49,-63,-68,82,24,-24,55,-6,33,-86,-82,-65,-44,-68,-54,-24,53,-23,60,57,-7,95,-71,-25,-50,61,-31,53,-92,99,-16,56,-64,-7,16,59,68,-52,-70,-22,-39,-53,-10,-6,-45,12,69,-92,88,7,41,-19,2,46,56,28,7,-98,-42,14,77,19,-52,-87,-88,40,48,56,87,54,-66,-75,-99,23,18,-45,-88,-35,-61,-99,71,79,-42,-50,25,90,54,-91,92,-87,23,69,31,47,59,42,-13,-16,-2,-26,-61,8,-2,-84,-91,93,-52,-80,-65,-14,96,-94,-57,-45,-68,67,-55,85,76,-86,74,-24,60,5,-77,-4,-76,9,56,-2,59,71,-93,-66,87,91,-73,-88,-89,-62,-3,-92,-57,39,-61,-49,-16,-40,-86,-63,-49,87,12,-89,-30,11,-17,-7,-80,-84,91,55,87,74,88,51,65,92,39,75,-70,-64,59,-50,52,97,-23,-64,-65,-10,-28,-15,-22,60,-28,47,-29,31,-83,-33,46,-92,-78,10,58,86,-62,23,55,76,-24,62,89,-65,-88,41,-90,-35,53,-56,55,-98,5,-90,61,76,33,-91,7,49,-25,-70,34,-27,40,-8,-41,54,-84,91,31,-9,53,20,2,41,-62,-12,-94,90,31,60,91,-64,46,29,88,-21,37,-5,-71,-88,2,39,-16,-58,-69,19,95,-77,10,3,13,-37,99,92,-96,-63,-20,86,-73,88,23,-82,-99,-30,23,89,48,-40,-39,53,-29,62,-31,31,80,0,-49,53,22,37,-44,-87,77,-44,81,57,-8,-39,43,-4,-74,-33,-10,-73,13,-86,-84,-62,-27,-47,91,21,92,-40,-48,72,36,-21,25,-64,93,58,-75,70,90,-94,27,-41,-57,-52,54,-31,-9,-55,-5,-96,-42,-13,-59,7,39,-91,-72,8,-54,-43,-19,81,12,82,93,5,40,-82,-48,7,99,79,66,-57,-96,20,-12,-6,41,82,-3,75,-54,37,-17,61,46,-13,-30,91,20,50,49,-67,9,43,37,-73,37,66,33,37,45,-1,79,25,96,-33,-81,14,-74,-8,-10,-52,-71,49,-91,51,-87,-22,19,33,-95,-54,65,14,88,-21,17,25,-55,-50,-61,66,26,94,-9,-1,-62,-14,89,-37,77,-21,10,-93,-95,-4,34,94,73,-69,27,55,-24,-8,-54,-36,47,62,65,69,88,-95,35,-9,98,-96,66,-63,-11,56,-24,-33,-88,63,-50,-83,-41,60,-89,-91,90,14,63,-34,82,-91,6,29,47,-28,-2,36,-47,-89,-96,-72,-86,70,-59,2,26,17,45,37,-43,71,30,15,32,17,23,22,-69,-13,65,-87,-28,-29,19,-80,42,93,32,71,-96,35,99,-83,5,-60,-4,-69,33,-82,45,66,89,-48,-19,-2,69,81,96,76,-55,61,66,16,-67,-15,12,51,-45,-56,23,-41,56,22,-48,-39,38,24,-31,-51,42,-86,-85,8,-35,-27,82,-89,-69,78,87,-25,40,30,67,72,91,-43,23,-54,0,-77,-19,-44,21,33,-6,-63,-66,62,-15,52,52,-24,-40,93,25,-58,81,55,97,45,-93,37,-25,74,-14,-34,-69,85,-12,7,-91,69,40,29,-21,-89,65,12,72,-73,-58,1,-20,1,-29,-95,20,-48,60,17,96,66,-69,-52,17,16,13,24,-22,78,-91,-14,24,48,92,-97,58,57,-9,7,61,32,84,-59,-89,-45,-55,7,7,81,-99,-20,25,-69,28,-58,23,-82,43,-99,95,51,-36,19,-24,-44,-2,-89,89,66,-6,50,-25,-22,90,-38,9,-87,68,92,93,45,-27,18,52,77,37,-25,94,-43,-47,67,-92,-7,-37,-40,25,38,-30,14,4,63,-35,55,-82,-68,-82,26,-56,85,-4,-85,8,68,9,-40,45,-77,12,16,-21,41,-17,-37,-66,46,22,58,-16,91,-51,64,31,-10,19,25,22,36,-71,42,-1,24,56,-93,-8,-57,-34,-86,-35,77,29,44,18,89,-93,28,35,6,-37,95,-26,12,59,82,-98,-22,7,23,-85,35,-57,-10,-41,75,-4,27,-82,38,17,-17,16,-76,-96,-89,-87,86,16,47,-31,78,19,43,-10,-22,25,-8,55,-68,91,46,44,-66,-87,-97,86,8,7,-96,-76,-76,-37,16,-53,-57,26,-64,-93,-81,82,-25,97,1,-82,-13,55,42,55,-12,51,47,-66,-28,57,-76,-26,43,31,57,24,54,58,63,-53,81,-93,73,-82,-87,91,76,-13,65,-45,-18,-47,-90,-99,-92,-3,51,31,8,-77,-11,31,-26,-68,-61,-92,32,70,65,-4,-83,24,2,66,41,-9,35,17,77,0,71,-64,52,81,-63,37,-45,64,-32,62,64,56,-30,-62,65,9,-78,-26,-44,64,69,-28,-12,-52,-84,-71,38,50,22,-7,-50,-6,28,79,-48,64,16,-17,6,60,-54,-30,-6,-8,7,-64,77,5,9,-67,-31,-44,-18,56,3,-3,61,-58,-53,-16,34,-4,54,-61,-48,-94,80,44,-35,-14,5,10,55,75,79,-61,-89,56,43,-4,89,89,51,-29,45,-45,44,-16,-27,90,67,-93,-37,-2,-78,15,-20,-98,-41,44,-13,40,-68,-58,15,-89,-20,2,43,-99,75,32,89,26,79,11,57,23,94,-70,-10,38,-87,53,-64,-65,-32,-8,-64,3,-63,23,-79,-32,41,35,-45,98,-85,97,98,89,7,64,-8,-37,-25,-50,86,-53,-21,-24,61,-8,-94,74,3,-50,-34,38,53,-21,-62,73,46,56,-15,77,54,-24,52,29,-35,-41,-7,34,21,44,83,-16,90,-61,37,29,7,42,3,-90,92,68,48,22,-52,62,-5,70,18,56,25,-28,-67,-23,77,-26,35,-30,-92,-67,91,67,17,81,-93,-69,10,13,72,89,23,41,58,-52,-37,82,-90,34,29,5,-9,-46,53,23,7,31,96,-81,77,81,-48,68,48,45,27,31,75,-86,-55,47,-96,44,-11,38,68,28,20,54,-37,-74,-41,53,-43,-87,-47,63,20,-74,82,-3,-93,-89,-34,55,55,69,-14,30,82,7,-46,85,-72,19,23,95,-52,-80,50,10,-54,-91,-37,2,97,15,-58,17,40,-99,-85,24,-89,-43,-44,65,-74,18,-28,-92,-74,26,70,-70,-78,-7,-74,-31,13,75,78,35,60,-82,-86,58,9,-45,-25,-73,-44,-34,50,-57,-1,-94,85,1,0,-66,-14,2,36,-44,32,58,48,57,-73,-62,9,82,72,-31,76,85,-73,-14,-82,-21,12,-50,21,-61,-31,97,-79,-46,-2,20,-12,83,-77,-76,-61,54,58,64,11,85,78,96,44,28,-35,20,-10,-31,-94,7,24,-6,33,-55,9,-97,-58,29,-67,17,-50,-3,0,-51,-2,16,-97,-44,-43,-10,-59,-88,-14,84,39,27,-18,-70,95,-36,13,19,58,-76,41,-33,-97,59,96,-65,-24,-77,32,53,-29,-70,-31,-50,-15,2,39,3,13,-98,-36,-70,28,45,-41,1,-90,48,-80,44,48,37,87,50,-3,60,85,49,82,-6,2,-70,0,47,-21,61,-51,94,-36,39,95,5,68,1,-73,-96,-98,-64,28,97,56,-23,12,44,-73,-91,4,88,34,-36,-41,-63,-7,58,60,49,-3,86,43,37,25,16,-58,-30,-83,-31,-27,94,-19,-99,91,-62,-46,-20,58,-42,-12,-38,-54,99,25,5,-87,95,-60,72,44,36,58,-36,-26,-17,79,-8,29,72,37,-98,66,-81,79,35,-67,-67,-85,90,-10,-20,-71,13,-21,31,94,-9,26,-89,-60,-53,24,98,10,74,-42,-10,-34,87,-38,-96,65,-94,98,21,40,-69,54,54,97,-79,-89,-97,10,-11,33,-19,56,-64,-8,96,-41,-84,94,69,66,-71,-64,-68,-84,-26,-88,58,-21,86,-21,-81,-83,-90,50,90,-92,60,93,17,-73,3,98,82,16,-33,55,74,-41,26,43,-75,55,78,-67,47,-70,-55,5,8,-69,61,4,-75,70,-46,91,77,90,61,-28,-83,-35,-53,76,80,13,31,31,71,-65,-25,95,89,-70,-95,13,-41,-51,95,44,-43,56,-52,-42,3,1,-51,-42,-32,87,29,-15,-48,75,-62,-91,-35,68,39,-87,79,90,84,68,97,88,-41,-67,-85,-46,76,-52,86,-76,5,-11,1,30,46,69,17,-48,-69,45,-96,-32,30,-32,-87,-30,-20,92,-63,-36,37,-66,-47,95,-56,-33,-51,-80,-9,-88,-79,95,1,21,2,-76,-33,96,-24,-3,41,-21,41,-28,47,54,18,-96,46,54,-55,-17,65,-3,-44,-91,40,-19,-95,-69,-7,-75,-97,93,23,4,-83,66,0,-31,-59,-81,48,81,-33,-28,35,84,-48,-42,15,-4,18,-20,69,73,-35,-14,-46,-30,-7,46,-29,-5,16,70,76,10,37,-47,78,77,-29,3,35,14,51,-29,-2,80,5,-86,-24,-77,-30,-54,72,35,8,-73,81,-98,49,-48,-4,-34,99,-51,52,13,2,7,-33,49,-89,-98,-36,38,-28,38,18,54,28,71,76,98,-83,49,33,1,52,-9,2,1,19,75,43,18,-76,-28,-69,2,79,-3,-48,66,-24,-8,4,47,-93,99,1,35,70,-45,33,63,80,-57,-36,32,33,66,-90,-48,41,30,47,41,-98,77,-56,57,-48,-28,23,27,40,-95,-49,46,-96,29,-19,50,60,90,13,40,-67,76,-51,42,19,-65,94,-63,64,18,78,43,-5,-78,-23,23,-30,-99,-73,-90,81,-45,32,61,60,-86,11,20,-96,-76,-63,-86,76,-15,55,-27,19,26,9,-39,-56,-13,80,16,-15,-43,-84,54,-66,-57,40,-85,-26,-27,52,-66,-37,-37,30,-57,-37,66,-44,-83,-49,88,-11,46,14,97,-93,35,-38,86,-49,23,-56,-57,-45,-46,-15,94,-31,35,-56,-79,68,6,-39,-2,49,23,-36,81,39,-9,69,-95,-62,-39,-97,-79,95,-59,-92,-77,63,-72,-35,-82,-19,27,89,26,-38,-67,24,-92,39,84,-18,-12,-16,46,-54,-99,-86,-84,-95,-49,-47,83,-51,-75,-99,-44,-53,64,-40,-12,58,17,91,47,-56,-69,80,67,-62,19,28,19,83,-88,-58,-71,88,-67,-79,93,-40,-27,53,8,-3,54,40,20,-5,99,85,-47,17,76,-99,37,83,80,-19,-79,-24,85,17,-64,73,35,-36,62,67,-38,32,-72,34,-15,35,-91,-84,-24,5,10,-48,-10,63,45,-56,63,-18,-73,20,39,-75,72,24,41,-92,-2,-47,-52,-63,-79,9,68,-75,-79,-70,36,-94,-54,-88,10,55,-59,77,-5,85,-79,-42,-55,-53,54,60,-29,26,-38,88,10,36,-81,35,72,-84,-56,17,-60,-59,46,75,-77,68,64,33,1,81,10,95,66,7,-69,87,53,61,25,-98,-12,86,66,74,22,84,9,-29,99,30,87,-84,47,10,68,70,-21,32,3,79,-10,89,51,-44,-27,81,-79,-97,43,45,-96,-92,8,47,81,-70,8,-32,0,-15,97,-36,0,21,73,-32,-9,-71,76,70,-92,-34,36,59,-1,-91,17,-4,-88,-40,-82,91,-56,25,38,-97,31,-76,-30,-92,8,-56,-29,84,64,-56,-70,-67,-27,-94,-97,-43,-51,39,92,24,47,10,96,58,46,-86,27,67,15,-35,69,-54,-12,-61,-47,72,-41,23,57,99,43,86,-68,92,68,-65,-50,-83,50,-81,17,-3,5,13,-67,-71,3,59,95,-82,-99,64,-37,-34,79,15,-62,-62,-85,94,-86,58,57,-54,27,26,-43,53,19,-93,72,-63,3,-46,26,12,-18,-70,-52,-23,-53,-51,-59,-13,14,96,78,28,-89,93,0,-75,28,-43,-30,-45,82,26,85,-21,32,57,15,-88,-89,-82,1,-30,-76,48,46,-29,96,64,57,-13,37,12,-84,48,5,15,72,-90,48,-81,-58,31,21,-73,86,-70,83,1,-59,70,-5,41,-83,19,-33,63,66,-37,4,0,27,-59,-88,19,88,17,-89,37,3,58,55,44,-34,-24,70,-48,5,30,29,23,-22,-75,-59,-6,20,7,-43,-14,47,37,85,-26,78,96,92,43,-10,-97,-42,93,37,-87,37,-96,-34,8,-45,47,-85,84,-30,-8,85,11,86,5,94,-80,90,41,57,75,91,12,48,60,-68,-61,39,-11,-91,-23,-21,45,-20,44,-70,11,-9,-55,-28,38,13,-43,-74,-1,38,-80,-4,28,38,-70,-20,29,41,-71,-10,49,-56,-71,-84,-71,-18,-6,50,38,-62,80,-73,5,-98,-2,-80,14,32,-55,90,-30,-35,-14,98,-97,15,-45,8,-67,-40,74,81,-20,80,73,8,-38,-33,-41,77,-19,-61,-96,63,-83,1,82,7,-67,-72,-26,3,-31,59,-22,-52,-49,32,55,-17,92,30,-58,-28,10,-85,57,48,-41,-84,25,39,-69,28,2,-53,-93,-38,30,-61,-11,-95,18,57,40,95,-95,91,5,36,-49,-3,-57,-31,45,29,-39,2,-22,19,17,79,-65,24,8,14,70,14,75,-22,29,-59,-18,-52,97,-78,-80,78,89,24,-9,-59,97,34,-14,43,-37,46,-78,17,-58,16,-3,-23,-60,81,67,87,-28,42,-35,-99,82,23,-75,56,21,-78,11,11,45,78,28,43,12,-86,-37,52,37,-39,-54,78,53,42,-68,93,0,98,57,71,17,98,49,-24,-2,50,-91,-81,71,19,6,17,-25,-89,-63,86,-98,-24,15,38,13,61,-7,-33,-20,25,-40,80,0,93,51,-82,91,-23,-30,-11,-72,-21,-16,98,74,67,-8,-51,77,5,-87,78,80,27,-7,-6,-35,86,37,45,-12,96,2,87,66,-47,81,57,30,-48,-77,34,7,-17,32,-19,-50,-98,30,-72,6,19,-94,-36,-77,-1,34,-12,-38,-29,-90,49,-56,-12,36,-90,17,-5,43,-53,46,42,57,-47,-75,-33,10,-25,-32,-83,2,50,35,-16,-86,58,59,24,-77,-79,94,-91,69,-85,-4,6,-99,-87,77,43,-63,23,-15,70,52,10,-63,-38,61,4,-44,-37,-45,90,23,-55,25,-17,69,24,3,40,9,-27,55,81,55,55,71,32,-24,84,-68,37,54,60,-53,91,-78,84,-28,-46,-53,26,-55,70,48,46,-47,17,-52,32,-66,56,81,88,38,13,21,-14,-55,73,-30,-47,10,-99,-87,34,91,-88,18,-36,-35,42,66,-14,12,14,-67,41,-92,-20,-50,-58,-87,-68,-93,27,44,4,-87,66,-23,-41,-81,64,-40,-91,-2,-49,96,92,-9,-39,34,-65,47,-77,25,56,63,10,-87,90,51,-75,-78,34,29,65,-84,41,8,-8,-99,4,-67,-63,12,30,-36,8,0,32,45,-66,66,-31,-43,-32,-98,96,77,-86,86,5,-84,-92,-83,44,50,-68,-38,-65,0,-61,38,33,-25,-73,-60,39,11,39,-29,-43,73,-86,25,-93,-19,4,-97,-64,17,89,17,9,73,33,-47,0,64,15,35,-35,30,-50,74,-94,-23,-86,21,87,53,91,-56,3,81,46,9,-61,-73,-12,-26,43,-46,68,-47,-95,1,-18,4,-34,73,-84,7,4,-34,-42,-14,42,-29,-93,6,-99,74,27,-20,55,-50,65,70,-24,-46,-78,-81,7,89,-52,-12,-10,7,92,32,-20,84,-84,60,-50,-27,-54,68,21,-48,-25,21,-74,78,78,57,-72,43,28,3,96,49,-2,-19,38,46,68,-95,-47,37,37,9,22,52,-30,48,-97,15,-6,23,44,68,-79,46,46,98,4,50,42,-68,-47,38,57,50,95,-28,-27,64,-24,2,1,-87,-88,99,42,-42,48,44,49,-58,-56,-7,86,-36,-60,9,-37,20,-64,-95,28,-12,19,-15,-85,15,56,-12,-44,-68,66,33,-78,54,33,40,-88,-42,-39,61,-24,4,-69,-61,44,-53,24,-93,66,59,87,-6,-76,7,55,-62,98,-12,2,-69,20,-31,63,18,-77,-27,-65,-65,7,-5,72,59,75,79,74,19,-73,-2,26,92,-66,-10,-13,-43,73,-81,-28,48,7,73,78,-96,-81,19,21,-58,91,32,-47,-24,-73,-75,-65,-98,-96,-90,-3,-93,-16,99,99,-5,-10,-37,51,-37,-19,99,-88,87,50,66,90,68,-15,-12,-90,-46,96,-38,29,-77,-37,40,-99,-56,26,-25,-50,-89,-26,-74,5,63,-12,-67,-96,46,-90,91,10,59,57,-22,27,-80,65,37,-27,39,75,78,61,-61,18,39,-41,-55,-86,-15,-68,-13,11,13,-72,75,45,-92,21,54,75,-68,13,32,9,-59,28,-49,54,-99,89,29,55,28,44,-26,-33,79,-5,-43,-35,26,20,75,-61,47,50,60,31,-51,-8,6,-20,-95,-84,88,-78,43,-84,52,21,-94,-18,-24,33,-97,26,76,82,-79,-67,-53,23,52,98,38,-23,48,-1,84,96,90,-9,-47,71,6,-82,70,-74,-66,22,23,-84,80,99,48,83,25,1,65,23,10,-88,-77,-61,-90,61,-8,34,-40,-23,8,-73,67,60,74,-50,78,21,-48,88,-79,75,-96,-99,74,28,83,-24,-71,25,75,15,13,98,53,-1,59,-54,-66,95,22,18,98,-34,-45,72,15,-67,-29,43,97,-9,18,-99,-9,-8,28,-48,45,33,53,20,-52,-33,-5,-98,65,-46,-76,75,-74,45,-30,-76,87,25,73,2,34,-56,-78,32,34,40,9,-98,-91,-62,-47,53,47,-93,-49,95,-50,22,73,91,76,73,44,78,18,-86,-97,-18,38,75,60,-50,95,81,81,29,21,-10,7,30,4,60,-40,-48,43,-13,-76,69,-90,73,60,62,46,4,40,-59,18,19,22,-67,-6,-18,-18,-34,-60,-60,94,61,7,-21,-9,-89,-84,27,-61,58,-85,-61,4,-76,-88,-36,85,34,45,2,51,-60,-78,-50,-51,15,8,31,58,48,47,52,9,-46,-69,76,-35,-54,3,-20,80,-6,19,-39,17,7,2,-21,-81,-53,81,69,-37,-97,-80,11,-6,4,-81,-48,-48,66,81,37,96,88,-10,-62,-88,93,18,68,-13,-86,-70,81,20,31,-40,38,54,-59,-15,93,-80,-19,-19,14,84,0,65,-86,-57,23,50,-84,12,-59,-46,23,-89,71,-32,-26,84,-3,-45,-19,-95,-8,-80,35,9,4,28,29,61,-90,-80,45,-14,61,58,5,-15,-14,20,73,3,50,-27,13,21,40,63,-18,-62,95,63,-81,-13,59,54,72,-60,-41,-22,-99,-55,-3,22,7,-64,-42,88,20,43,9,-30,-54,-64,42,35,34,-18,-25,-84,-4,-30,55,15,33,-9,-54,6,7,4,60,-16,26,-42,-93,-67,-7,-36,-78,89,83,7,-41,-94,42,77,40,-24,-41,-85,-31,55,-38,-99,-53,94,-8,-8,-23,75,72,-62,-40,-2,-28,-34,8,41,6,29,7,-11,-64,42,-6,54,19,-89,-92,77,-98,-24,9,-60,-24,32,-65,44,-99,-12,20,73,2,56,-52,50,98,55,-9,4,-16,74,69,-4,16,-37,-72,-65,-50,-65,89,-72,10,-25,-32,62,-92,2,-16,84,66,80,57,-54,36,82,95,34,37,-36,-85,98,-62,83,-6,54,-77,-2,65,-28,32,54,-1,-81,-70,66,58,-86,-55,-58,97,88,-78,32,-66,34,14,-94,-55,-49,-31,-41,-51,-16,-58,20,-62,-36,-82,79,12,27,34,-89,45,40,54,3,30,98,21,4,63,19,-64,96,-47,26,79,-3,54,-52,32,79,31,73,-1,45,-86,-6,25,25,97,-64,13,42,52,-33,-77,-41,-58,43,62,-94,-37,75,78,-8,1,57,89,-45,82,-2,-65,-10,-28,10,-87,-38,80,14,87,77,26,0,-3,-22,43,-4,36,61,-61,-25,43,-22,-50,22,70,28,-44,36,59,-85,-66,70,-18,-18,-19,-6,44,-62,-92,8,92,10,84,-34,87,27,61,0,-12,76,51,-91,-45,78,7,-98,6,62,37,-35,54,47,-64,-64,-70,-7,6,50,7,-10,-42,-1,99,-58,64,63,45,2,-60,-90,-21,90,-82,33,68,24,11,-49,-36,-52,-7,94,71,5,-93,77,74,12,27,-19,-98,61,57,77,79,-2,40,1,-99,56,11,-21,46,5,88,-8,-93,-1,19,-30,23,-88,-36,-6,-7,-30,-51,-33,58,75,25,36,14,-18,13,-30,79,-70,71,56,85,-18,-65,31,63,99,99,69,-2,19,-84,-79,7,-44,-8,-99,25,40,-56,-40,-8,68,95,82,-50,8,-47,-93,37,-76,62,-1,-18,74,-92,-55,73,-93,91,-51,2,-93,-54,86,-37,37,63,64,-46,-93,-75,23,52,96,5,-98,5,57,84,-81,57,24,18,-61,-2,2,-39,-52,8,-48,-4,87,-65,42,73,-3,-21,36,-61,10,19,-37,-67,-29,-41,37,-50,40,-28,-66,36,-71,34,-69,-55,-68,32,5,-20,-83,33,75,-96,44,17,53,-81,73,-34,-43,-40,62,-4,-8,-67,31,-94,-41,-51,-23,-7,84,-17,-96,91,27,-64,0,-91,-8,16,18,-56,-3,-38,38,-73,-20,11,-7,36,47,-45,-91,-84,-36,40,-79,23,88,-25,92,49,34,95,40,-39,-69,-60,-31,-1,32,63,43,-94,-75,-19,-67,-18,68,2,-82,15,56,-73,30,96,43,27,19,31,78,11,-20,12,7,96,72,14,-87,-82,-86,44,80,33,27,82,-86,59,-36,81,-39,-42,-27,93,-39,-97,89,-96,6,9,34,-15,96,90,96,-20,86,46,71,98,40,84,20,-2,-6,-53,-20,7,-94,43,-12,-57,77,37,-64,-61,39,-98,-58,-78,-13,53,6,-16,43,-20,63,30,-97,34,28,42,-5,-75,-60,88,-29,-4,-28,-24,-84,36,-5,93,-27,30,-68,88,9,-27,-89,95,-97,-7,-21,46,72,-80,-24,74,30,80,-6,-74,-94,10,90,-47,-93,-60,6,98,75,-99,91,-51,8,-77,-86,-83,-27,-76,-88,-25,17,-9,97,-34,-13,-27,-82,-83,-69,11,-81,-87,97,-90,-35,80,-51,70,79,-99,48,70,-74,-44,70,-60,-28,-80,-37,-17,-29,56,50,-31,-77,-63,18,-83,-69,25,4,-51,37,1,-65,79,-18,-40,26,-39,-39,-26,-92,-14,29,77,25,77,73,65,-39,-55,21,87,-10,20,-98,-92,36,-68,10,-60,-20,-53,18,15,-97,99,51,29,-63,-88,-97,-79,-25,9,75,76,-14,48,41,23,69,-60,-12,-41,59,-11,-56,-27,-3,53,-11,76,76,-93,-32,79,82,96,-15,-81,-92,-36,-60,-41,72,-85,-64,-64,39,53,35,9,92,-77,44,29,-12,64,-98,84,17,-10,38,-29,-26,82,-73,-44,78,11,-25,63,74,-9,-78,24,-18,-43,59,97,-89,-29,-17,79,-6,-72,8,81,68,-14,66,-14,53,4,33,-73,-37,59,-41,-58,-30,33,-95,-79,-99,-74,44,-41,-40,-20,-43,-53,51,16,-74,-55,43,11,-97,12,73,45,74,3,-74,-16,6,-11,-57,65,30,12,-25,34,32,-47,36,-46,11,72,33,44,-81,-16,-39,-78,5,80,9,8,-31,-18,-47,-80,62,-21,3,-32,67,45,-67,-26,-66,-15,84,43,37,-3,96,-52,-30,6,69,-12,90,-70,-14,-28,86,94,79,-44,-46,-90,-48,-84,-35,55,-17,-91,-23,-7,-18,-12,77,-57,-69,14,39,-96,38,-91,9,7,-26,-24,13,59,48,0,31,4,32,84,13,83,99,54,38,-41,62,92,28,-79,-20,-18,-37,10,95,-97,-10,11,87,98,94,-39,-48,8,97,99,84,28,-20,16,12,93,-1,-12,47,-85,23,-13,-93,-48,7,-14,33,70,72,6,49,-38,93,36,-40,87,74,-12,-5,48,-13,-21,-24,67,71,64,37,-29,-71,-39,-15,51,47,-32,79,-68,53,-10,-98,25,95,50,86,65,-37,-77,52,-63,11,-75,61,74,-20,-63,18,-48,77,-45,22,82,-7,83,11,-83,-49,-10,-52,80,79,-51,5,51,75,-32,16,-61,-10,-54,-48,77,-30,90,52,49,-73,-30,-99,81,2,-1,40,71,-18,-49,87,9,41,-64,-34,-3,-39,70,-74,-86,-85,18,-71,-18,63,-43,-41,-67,-53,87,82,-49,-42,59,-68,36,-41,48,7,17,99,-6,-96,17,6,-31,-86,44,-83,-84,57,-69,34,85,12,-3,-58,48,7,-34,35,-34,16,92,-75,24,5,-17,-28,-88,77,-29,-17,80,87,65,-51,78,9,-35,93,-57,-4,4,-95,84,78,-53,32,-15,-11,-32,50,-95,-63,74,28,42,-65,99,30,-88,-52,89,91,-65,55,-83,89,-59,-18,60,-16,54,-36,-12,38,-58,11,-52,26,99,-8,-47,80,28,-95,8,-53,-61,8,54,-50,55,43,-82,66,-25,-66,56,-7,-8,16,53,-54,56,-82,61,98,6,85,1,5,-23,31,-14,81,35,70,-71,73,-45,59,99,86,-21,93,53,31,-96,-14,-76,-4,78,53,18,34,70,-44,9,-24,-59,-89,58,-6,41,-79,-24,-47,90,-19,-74,-54,-60,-98,-68,-5,94,61,-74,74,-53,-74,-30,-98,78,88,36,49,-56,-55,-75,-38,-68,82,55,49,-97,-69,-98,70,-12,-96,-84,27,-95,-76,-77,75,85,-75,50,-91,-49,96,-89,-71,84,46,54,-94,67,79,-56,99,38,98,25,18,-93,27,-12,-6,30,-20,98,12,3,97,-13,-35,-78,-86,-26,-51,-89,-39,-22,71,-93,-91,76,50,87,96,26,3,95,-48,-79,78,78,-15,-51,-15,64,-53,96,-56,-56,-39,9,-57,-26,59,-9,-39,-80,45,-67,-97,54,85,52,18,82,-44,97,54,7,94,9,-38,-44,57,46,-80,-95,20,-59,-75,57,49,-56,-92,-15,12,-31,4,-43,1,6,87,-37,-65,-17,-55,-10,-43,98,96,-48,7,-65,7,-58,58,4,-54,-22,44,-53,-65,-30,-9,-58,54,79,-13,-65,-87,87,17,-99,-49,51,-40,-28,-81,-7,-52,91,21,31,-73,-94,72,84,9,94,-61,-70,-81,-50,-24,-14,-32,-93,-35,55,-59,-23,19,57,-46,46,-15,13,-81,3,83,-57,-5,4,73,-2,9,23,-18,94,17,20,-99,35,46,-47,-79,-86,-41,-38,68,-24,39,-12,-90,92,-89,-28,-17,-94,74,-34,-52,-54,69,98,43,-44,21,-98,-50,-85,-2,-72,50,-56,-20,47,-42,16,-90,-97,91,25,-33,78,17,-22,-50,99,-40,-99,-58,8,-53,-88,6,66,-56,-96,45,-7,-82,-57,20,44,-36,77,-8,-2,-7,-22,0,-16,-97,44,-61,-4,98,-12,-4,-42,-11,37,65,12,25,-52,-45,68,-49,99,-61,-54,-80,35,89,-17,12,-19,57,81,35,-66,-34,14,77,-19,-89,75,69,-17,-89,-65,96,75,46,22,-99,-99,-33,-72,77,-18,-27,96,-82,-37,-44,6,20,-87,-12,-67,-77,30,46,-99,-89,56,52,56,-61,62,90,-64,15,36,34,-8,14,77,19,-9,-40,69,-13,-46,-68,19,36,28,8,-99,60,30,30,7,7,18,-60,-63,-26,-44,98,-35,-32,-10,77,-98,81,-9,55,-22,81,91,-53,-55,-78,-45,40,58,82,-52,58,20,55,-34,-73,-38,60,-57,-25,-66,-2,-49,-25,65,40,-47,43,-1,43,-1,76,2,-33,-77,23,-11,-23,-36,-76,-64,-12,58,55,-57,-76,58,-18,83,-98,56,94,-24,-93,-31,-58,24,21,61,-77,-58,-63,98,43,4,97,-34,69,-49,29,92,-37,-82,50,-81,-63,51,53,-5,11,31,-48,5,84,-65,51,-97,58,-28,63,57,13,-99,32,-67,-19,29,-1,-50,56,-95,-58,-80,98,68,-85,-87,19,44,7,-92,-24,58,12,-40,70,-60,-38,5,12,-98,-37,-98,-98,94,-65,-41,1,10,8,-43,-9,49,-47,-10,-5,-33,2,-86,-88,-91,97,-36,44,10,0,14,49,38,95,-62,39,-42,-83,18,-70,-49,76,30,37,-15,63,-72,-89,-83,-6,-18,-40,95,-4,-29,81,-7,11,2,79,-89,-84,6,25,87,20,-58,-54,36,59,-48,63,12,81,-23,73,21,5,61,37,98,-57,97,71,15,-55,29,85,33,-69,64,20,-77,-53,-54,-90,67,-13,-45,-20,-77,6,-79,34,-36,-3,-15,85,-98,-54,-1,77,-12,-27,25,-96,-5,-46,88,-72,-16,29,24,6,76,46,-8,20,-67,24,76,-68,-93,96,43,-29,-6,-72,-67,-28,-27,8,-74,60,81,50,40,-47,80,28,-20,-36,-42,80,46,-89,27,-84,7,36,39,-17,68,45,-43,11,92,50,38,-98,98,87,10,-98,47,-9,51,-12,43,9,92,99,72,-73,56,-4,-63,-17,-12,43,-80,-73,-96,64,71,-40,-48,41,86,66,42,84,53,-48,85,-23,19,14,41,-61,-77,34,-85,71,60,71,-56,74,-46,31,-6,-50,57,-3,90,6,56,-58,-53,19,84,88,4,37,-82,-34,91,36,56,32,75,78,-57,89,27,80,37,70,54,68,-21,-52,94,-87,22,85,18,-45,-96,41,74,88,7,-45,25,24,20,16,-40,-46,-74,-88,-68,-32,78,35,-52,15,6,78,-17,61,-96,-22,73,25,-60,-8,56,-57,-90,30,-69,16,61,33,-60,-41,-74,-23,12,-49,-12,20,-4,-57,-44,20,58,38,-1,-82,-1,2,-5,-28,-96,11,40,36,54,50,-33,61,-34,-95,-29,-17,-37,-3,36,74,24,-76,-5,-80,-33,27,17,-98,-35,-84,-81,63,-6,-9,-88,-26,-98,52,-90,32,-21,-47,-6,21,-42,41,80,20,-62,16,-28,39,17,43,35,83,-30,-48,61,34,-33,79,-26,37,-53,-38,-89,-74,90,-79,57,-31,-50,-72,67,7,69,47,-72,83,-36,-1,22,80,-81,-42,40,-12,9,-22,98,53,-43,-51,-10,-19,10,-22,6,1,-25,-60,46,24,-32,13,-68,-86,-62,-64,96,-22,11,-4,-65,29,53,51,-83,-61,-71,91,91,-38,-60,-41,42,49,36,-75,-73,87,-35,73,11,9,-37,19,22,-23,54,-5,54,-58,90,65,70,43,16,63,82,44,54,50,-93,93,-91,25,43,21,50,46,8,-85,19,96,23,59,15,-78,-64,-53,16,67,-12,7,32,-41,-73,-51,-78,85,69,53,13,75,46,21,1,-34,-80,-72,-87,4,-58,31,0,41,-33,-84,39,-20,-38,-45,-76,49,38,55,84,42,80,83,4,50,36,-83,2,-18,15,79,48,34,-93,60,-62,-75,-32,38,42,12,30,-19,91,68,36,91,-6,-49,23,-21,69,4,-38,-26,-69,74,-10,9,-44,81,-11,80,15,-28,17,30,-3,62,-55,-61,-26,51,20,-58,19,-67,-67,-87,-40,55,-9,-70,-64,29,-20,-57,3,46,52,36,28,-82,16,-80,-34,-89,26,62,72,70,78,-54,21,-25,-36,-60,-16,-4,-70,20,-72,20,49,-59,-73,-94,-17,6,52,-88,-58,-20,-71,58,-24,-5,45,-97,-66,17,72,88,39,-29,-60,-97,-13,23,-25,16,-56,2,-86,69,42,-60,75,-97,45,27,-86,64,83,-80,-1,-64,-9,-56,-62,1,60,87,-10,-1,-42,29,1,44,-70,75,-62,-50,-46,-49,-81,73,-33,70,75,88,-26,65,52,-66,61,-49,-30,-48,-29,7,53,-69,-6,-80,29,28,25,-93,-50,31,58,-13,80,-87,14,76,62,57,46,37,22,97,-21,-25,-69,-59,2,0,-8,73,84,-78,80,-45,-82,10,83,20,-7,-90,-72,-48,-27,-91,-59,63,61,-97,20,-16,16,-58,-19,71,-7,-11,-88,72,65,-19,45,49,-21,2,-95,-26,88,64,93,-18,50,97,10,-77,82,50,85,43,29,5,-95,-78,23,-15,92,-83,50,-95,65,16,-38,-13,-58,40,88,-54,-86,77,86,83,-41,36,81,45,58,63,-28,20,-16,-99,-98,-12,-78,25,49,90,18,-23,71,-17,92,-67,69,-66,73,34,-43,63,11,-80,24,46,56,5,-9,-9,-55,62,88,5,39,89,69,37,14,-4,28,-91,72,-1,-32,64,32,-63,74,-18,48,-69,-78,-41,-49,45,82,83,-73,-27,-49,-51,-87,-61,53,28,-71,0,-57,19,95,70,28,67,-54,95,8,54,-90,-18,-87,57,13,-65,-84,40,79,74,23,83,-75,50,-68,-63,89,61,41,-82,-39,83,36,-67,30,-59,99,76,-63,7,7,-77,89,20,79,-21,31,71,95,-13,46,-5,-30,70,-55,1,83,-66,-60,24,-72,0,-15,41,33,-85,81,9,67,94,93,-48,-83,59,48,72,-62,-21,44,-90,65,-10,4,-87,-63,48,-10,-80,59,29,20,63,-93,81,4,16,96,-37,-75,40,-43,-82,91,-49,53,16,-77,67,94,66,76,37,-67,-20,49,-54,-94,-61,-35,41,68,62,4,51,43,85,-33,16,-52,-32,-43,-19,-37,-75,31,-84,41,54,83,12,-3,59,-51,7,-83,74,52,98,90,94,39,58,56,-80,-14,-24,-95,52,92,-48,-80,-74,33,-18,-73,-59,-2,67,94,-42,-43,-31,-83,-18,52,-90,-43,4,84,-53,-25,0,81,-92,20,-33,-16,1,95,-47,30,-85,-22,-60,-3,-19,-20,71,-51,-48,-71,-18,20,-78,63,-51,-91,96,52,92,-57,-95,-30,-99,-88,66,-56,-5,-33,-61,24,96,-69,78,-64,4,-40,-7,-25,-15,44,-20,66,-59,1,6,-11,-14,3,-82,-21,22,-78,25,23,-66,-9,43,5,57,82,-70,31,89,-92,43,-7,-33,-87,67,28,56,-53,-6,96,24,-99,-38,-89,3,-20,-34,-98,1,67,24,34,-42,-55,-60,91,-96,-54,-1,92,-70,-80,-15,-26,-68,-71,-98,88,-48,-4,61,52,-27,-76,39,52,3,81,53,-96,48,-45,38,-94,-1,54,74,2,99,-27,-29,-71,-8,55,-21,24,60,-19,-11,-88,76,-50,40,-74,-27,-20,77,52,-39,30,56,-90,84,-29,91,-40,-98,65,38,77,-61,-91,82,7,40,-38,-69,0,42,19,-12,-5,46,-71,20,95,8,-3,48,68,-96,4,54,65,51,46,-75,52,11,63,29,49,71,11,-43,-11,49,-36,65,-9,60,-46,85,6,-41,-18,-22,66,55,-74,11,59,6,-34,24,-43,88,25,85,-1,-12,-9,-74,-63,79,-41,2,28,22,-33,96,-18,20,81,64,55,-36,-57,21,95,-55,-90,54,51,-48,-45,84,-60,80,70,38,-55,-62,40,-42,-83,98,59,22,21,-73,18,79,23,-24,21,-21,16,40,76,12,84,62,-34,35,-86,-2,-3,-70,-22,-56,68,-1,-19,-15,57,-25,-16,-7,96,-95,-4,-9,60,96,66,-42,-48,-17,97,-95,71,82,67,-86,-6,80,11,90,87,65,-66,55,-35,-8,-83,98,66,0,-32,39,-19,64,-70,-58,37,72,-1,88,-68,-3,92,-97,-44,36,93,49,17,4,17,-19,-30,27,-64,11,-81,-71,-14,61,29,53,0,-90,-6,6,-49,-92,-44,27,95,-36,-99,65,-33,-67,1,-40,58,94,40,-25,-25,86,79,-13,-26,97,16,59,36,-55,-10,-87,-69,60,-4,-18,68,51,85,40,-85,62,5,-42,94,-93,-6,52,77,-65,-72,-47,97,83,16,-28,80,-68,-92,-7,-47,-3,6,-16,-42,-98,42,-97,29,4,42,43,-34,-52,78,-40,-69,-28,-88,-92,-17,-84,-63,-19,98,30,52,56,61,36,-51,91,-66,54,-25,-32,32,93,-30,-39,-3,-88,81,62,-64,59,-78,-57,-69,-90,-49,14,-74,-36,71,-99,93,0,56,32,-64,82,23,-54,13,74,13,-54,67,59,6,-36,71,-13,-74,83,-54,-76,-73,-46,-67,-46,44,-65,17,15,-64,-12,91,68,96,-73,50,19,-27,-36,-30,62,9,-63,22,91,-23,-30,-44,2,-47,-22,2,-44,31,11,9,-25,46,-96,66,81,-32,57,49,-36,61,-23,82,-89,40,-48,72,-51,-35,-6,-83,41,40,-28,-80,70,50,21,-74,-19,-68,35,33,54,15,-24,12,82,-89,-38,-54,48,38,-95,58,-45,-67,7,3,-3,78,19,-85,18,68,-66,-12,18,31,14,75,62,-74,-15,-6,40,61,-94,-1,48,-33,21,-4,81,25,-69,-87,34,37,15,-69,-8,-88,-55,-89,79,-45,-25,-3,85,65,-51,24,90,34,-82,7,-28,-76,82,-80,-33,3,-8,-74,-72,-1,-62,38,-87,30,68,5,41,89,15,-3,-79,66,70,-94,32,-81,7,22,29,24,-93,-99,24,88,96,91,-31,-35,93,-27,63,-69,-88,76,60,56,-19,-22,23,72,51,43,38,21,26,-53,40,-67,69,-54,33,52,-53,-42,17,-57,-74,85,8,-81,-41,-52,-51,-30,-76,86,-97,-19,-59,25,-70,92,-31,45,13,71,91,-70,-96,37,-24,13,-11,-1,70,83,41,95,68,-74,90,-96,-49,-83,-50,-49,-97,-47,9,-57,77,38,-88,-77,-17,25,93,-25,31,73,-88,-93,-13,-22,-18,-66,-62,-99,-93,-94,-74,96,86,-47,-87,-87,4,91,-35,-87,-88,-80,27,-77,-81,-89,47,-87,-38,-44,62,-50,-61,-51,27,21,-40,64,21,-34,47,23,-38,10,76,-25,22,-43,-57,64,-31,-46,60,95,-23,78,82,-99,67,-56,-44,7,-6,-5,55,97,92,-85,39,13,-43,-37,-64,19,49,88,70,-52,-55,-87,88,-10,-33,48,-37,20,4,-78,20,-29,-34,53,54,36,-75,10,10,-83,1,-74,6,58,-35,18,-46,90,7,-99,-61,28,-87,-73,95,-44,75,-65,52,-44,-44,-27,3,-2,-97,-42,-89,-73,44,-2,-80,-55,23,2,79,65,-80,-90,55,3,-90,70,-91,99,97,-96,-45,49,-62,84,-95,-7,-43,7,68,-64,64,78,-61,8,-24,-65,30,76,36,-14,18,55,-4,-50,-64,-18,-79,-56,-19,-82,-53,13,66,-39,-3,47,30,30,-69,-2,65,95,-23,80,-20,29,-85,86,-18,50,-50,99,-18,45,-50,-6,-96,-30,37,-15,-36,60,97,-93,-79,-6,53,51,-99,83,-74,65,55,-21,22,-87,-91,36,98,-10,-37,-52,-33,21,69,16,-84,73,62,29,-42,-74,-10,-68,-68,-13,2,61,-62,2,44,-59,-56,-23,19,65,-11,4,-22,-36,94,40,12,-62,-62,-42,53,-47,-92,-8,82,-58,17,-51,-27,25,35,51,-14,50,-47,-93,90,-4,-17,-14,-62,48,90,15,-87,84,-68,1,98,-30,58,51,-1,66,-80,-19,84,13,6,-42,-62,-58,85,0,68,-61,6,35,11,89,-79,26,37,-89,-59,26,71,-27,-73,69,42,85,-3,-82,28,16,-1,-11,-71,81,46,-57,99,9,42,67,47,-51,2,-65,-85,23,60,28,10,-98,-45,-18,-49,-19,-49,69,-57,48,86,47,-59,-38,-63,-30,-56,59,12,-80,-32,-45,87,91,-20,-34,-73,-6,65,86,-78,-24,64,-47,34,91,34,84,37,53,9,24,-22,50,62,14,96,82,-50,8,-97,18,39,66,-14,95,-91,12,-11,74,-24,-12,-73,-83,40,60,-91,-49,21,45,81,-69,-54,-41,80,-91,49,53,67,98,-62,69,-7,77,35,79,72,21,-32,-61,-5,20,3,-2,37,-57,-42,22,-29,78,-56,-48,85,-33,-13,42,-48,-64,-5,-81,-89,33,88,4,-13,0,-40,-64,97,4,-49,-8,-75,53,89,38,96,-76,-63,-56,79,-43,-28,64,23,58,7,74,70,-98,70,80,11,35,-39,74,-88,-3,-89,-90,78,-39,1,79,-85,-32,17,87,-9,30,-92,-53,86,-21,-88,10,-86,18,-39,83,-4,-69,40,84,65,78,58,77,-25,68,86,-47,-93,-36,-68,-79,31,25,84,99,-45,91,-54,-58,-30,-43,28,-17,51,88,-57,-75,96,82,-91,61,60,66,38,-87,12,24,-58,18,88,-49,15,-4,75,-24,-28,-92,-33,18,-74,13,51,53,72,-20,18,91,4,14,73,-11,-24,11,-68,90,0,43,-8,41,-62,-43,91,29,52,44,-95,-75,51,-52,19,53,60,-30,6,9,49,-99,0,-70,15,-26,18,67,61,50,34,-39,-30,-74,-98,8,-18,70,-63,-88,14,-81,-87,-58,-34,31,94,-73,77,-23,35,4,-23,-64,33,68,-14,-71,12,-76,78,-53,-16,-52,-51,-38,32,31,-68,46,19,22,64,8,40,-70,-61,34,-67,92,87,45,-4,-35,80,-93,-90,-57,-65,22,-34,89,45,49,-63,93,87,46,1,96,-8,-80,-5,-44,27,-64,-38,42,46,-5,12,34,-60,84,98,96,90,84,-61,-98,6,4,90,-49,-70,-72,-55,93,50,22,89,-58,42,-15,-3,-54,20,35,65,-57,-70,-23,76,-54,-39,74,-58,-48,59,-43,-47,-58,37,-79,-30,66,-52,-9,37,97,-87,26,-84,54,87,-11,77,-16,-76,42,27,-46,-81,3,-24,-44,-45,18,-16,90,74,14,-91,-11,34,-22,-68,58,68,68,55,81,-28,47,12,-41,-64,-34,43,-41,-92,-53,-11,-97,26,65,-64,80,-40,19,47,-89,-67,56,-1,66,-89,31,1,79,-1,-67,37,70,79,-74,-93,-85,-31,26,-49,-47,72,39,-67,-2,-19,-32,-44,40,86,-97,51,96,35,-73,39,46,57,-59,2,-66,-27,-61,-96,-70,-59,86,-56,9,12,-6,62,-39,-89,94,59,-9,-61,91,-68,-98,70,59,97,6,85,14,-71,20,31,30,53,80,45,33,-90,62,20,-46,-28,-91,24,-89,-30,34,81,-94,-74,-80,96,-66,-79,43,92,95,-51,54,-14,-23,-26,-83,83,-73,73,28,37,83,-9,-66,-86,39,-58,37,26,11,-28,7,16,-26,3,-11,7,0,-67,-1,-28,-42,-70,57,12,4,50,-5,7,24,-99,-56,7,-32,-46,20,-93,-4,-66,32,-93,5,-84,0,78,-5,65,-38,94,97,37,-33,-67,67,-99,44,-29,51,-84,54,-25,92,75,58,-40,-71,-45,-34,24,-12,74,8,70,66,-92,25,-39,72,87,-44,47,24,-1,79,-9,-1,0,38,-73,-8,-7,-22,-15,-55,-64,44,-27,-33,87,74,55,61,-18,25,5,-34,-50,65,-62,-86,97,61,38,-4,17,-94,72,-83,44,98,9,-86,-46,93,-42,-11,37,7,56,24,-19,-12,-37,62,89,67,-72,-61,9,-57,-47,7,80,67,79,-2,72,28,14,16,4,99,6,57,69,63,-77,-16,-29,55,-92,51,-57,-53,-9,-68,90,-5,-52,0,14,-23,-93,-5,-79,62,69,92,-9,-40,-14,94,-40,91,51,-71,32,73,12,-97,6,-3,30,48,20,97,57,11,-7,81,-89,83,-42,93,-22,-22,55,-53,-53,-77,7,32,-83,43,1,44,48,-67,-5,-39,-88,-99,34,18,25,-46,16,-18,41,85,-37,51,68,-3,21,-76,51,-46,-30,98,-24,53,7,-30,-4,-92,90,-55,-83,-15,-18,-95,-38,92,23,87,-54,-84,-31,87,-99,9,15,45,82,-86,68,34,-33,-84,32,19,45,-84,65,-81,-99,56,-60,-83,-59,21,-78,3,13,21,-33,35,36,12,-1,13,-79,-85,-65,-96,-95,80,14,-29,95,-77,66,40,-62,32,35,-62,-12,74,-68,5,-28,-70,84,61,27,-49,-3,-60,40,72,52,37,63,63,17,67,43,-69,-62,38,-47,81,-44,-32,13,67,-18,77,42,13,-41,-86,19,-79,75,-54,-52,-51,-15,87,-79,-86,25,84,77,-58,51,20,-27,66,-64,2,24,-32,69,-63,-65,-48,90,76,41,-51,67,-39,-31,19,-17,17,67,68,4,64,81,-94,25,35,-52,-46,-44,-3,96,-32,75,20,35,45,56,69,73,23,23,-9,71,-10,51,-82,-91,-65,11,52,79,91,-7,37,97,-81,-27,-78,-28,5,18,-32,72,-7,87,7,-85,20,-47,64,-57,75,-44,90,-58,83,84,-73,94,-5,78,73,-13,-51,-12,-16,-33,60,5,15,-58,99,59,-86,-31,46,-3,-39,-57,26,-75,-38,-21,-20,-48,20,-36,-63,47,-42,8,2,-91,94,27,-4,-45,93,-67,36,-15,-26,35,-56,-13,81,66,60,-58,-91,-14,-34,-30,41,23,-1,-38,86,12,85,-79,-80,-36,-94,-85,91,1,-54,61,33,82,-53,-93,-6,-10,-30,-25,-43,-93,16,-58,-30,59,12,-89,-18,87,-28,-55,-24,-66,-58,-5,-2,-52,-14,-34,25,32,-73,-41,14,-27,-58,-92,40,-11,-40,96,-28,52,-62,41,11,26,52,69,-10,-99,90,65,-65,-67,-39,9,-20,23,51,81,-68,77,-60,45,-72,-41,30,44,24,89,40,95,41,54,37,-70,-42,-34,98,47,-34,89,13,-23,98,50,62,-22,-50,13,-41,-18,-32,-24,-96,-28,11,33,-84,-65,-1,32,-93,-82,-14,43,-53,43,-91,-78,-32,-48,87,57,28,85,7,-9,-60,33,-96,-24,-85,-52,51,-81,19,-61,28,11,-50,-95,-57,-44,-78,6,99,-55,-74,84,-34,-7,-64,-46,-50,41,-84,33,-68,-44,-33,-88,31,-19,-40,-41,-24,55,-3,-95,-33,23,-91,9,78,-93,91,54,-49,-82,16,-7,10,51,46,60,-8,62,-7,0,94,36,12,25,-82,48,83,-30,-20,-43,-49,46,79,-64,-67,34,-58,-99,-11,-8,-82,-95,62,28,32,-15,-35,-98,-76,34,-22,-82,-29,66,42,-35,-9,2,34,71,35,85,-6,-9,-79,3,-74,-60,4,-9,8,21,-28,-30,-51,80,55,-10,81,78,-75,-63,96,-28,-97,15,36,-6,-82,-53,-58,29,-91,35,-79,-93,-61,-54,-54,19,13,53,-60,84,-99,-34,64,55,55,23,10,56,59,6,-72,38,-78,40,-91,-84,87,-50,44,72,85,41,78,-99,86,-99,19,-24,31,35,-40,31,-99,-98,-37,33,24,72,-11,-40,-21,-6,74,-23,-66,83,-31,97,-67,89,70,94,31,25,94,-6,3,-10,70,-66,-74,-70,41,-97,-92,-96,35,8,75,-98,67,-69,-28,19,-16,-18,2,52,-20,11,42,-73,6,-27,28,-23,43,-69,67,13,-59,92,20,81,71,27,84,7,-64,37,-15,79,67,56,-2,-48,-62,76,80,-6,-12,-1,-3,70,48,-74,-53,-8,-67,90,-95,-26,59,1,-45,31,-71,-60,-85,-59,53,-1,96,20,-45,-5,48,-31,-52,6,63,12,-95,-40,-18,53,-38,6,-55,-5,-4,-74,68,-67,27,-77,63,32,-61,77,49,91,-24,45,-11,7,-83,-86,52,-35,19,15,76,24,52,-64,-46,90,41,-25,-15,-86,0,-47,-54,-96,-47,85,35,-32,62,-39,-40,-85,-93,25,-2,-77,38,-49,-36,-65,42,-82,35,-29,-47,88,-38,70,-37,46,60,39,76,83,43,-94,68,-45,-27,8,16,32,-1,22,-66,74,21,49,-98,85,83,43,79,18,91,-91,-17,-70,55,22,52,15,-39,28,-25,-96,10,-56,-64,83,28,51,-8,-96,-50,26,77,70,-25,78,32,-42,-1,-12,52,-10,-4,-88,-4,-49,33,-52,43,93,53,-82,97,-37,-62,-67,-54,65,60,38,46,-90,-59,23,56,15,2,-34,49,-99,53,-22,-33,-73,-11,62,-23,-78,86,-80,-85,39,-85,88,79,-48,97,-75,94,57,39,40,43,79,-60,-23,-29,41,42,96,18,-28,-26,61,-2,62,0,52,60,-13,48,75,-97,39,40,81,91,38,-93,62,-28,22,-21,-84,-21,18,-8,49,-63,-89,46,54,-41,96,16,34,36,-84,-14,-4,-21,-89,-52,-18,50,88,-37,18,3,-54,-43,74,68,35,89,-76,-70,-42,72,-34,-55,-5,-79,4,-8,13,-62,-95,5,0,0,61,10,48,-57,-63,13,-18,31,-84,28,87,89,-27,-1,56,-4,29,90,-55,94,-64,17,91,39,85,-19,53,89,63,-47,-11,24,39,-86,66,76,3,-75,-16,-5,29,-51,-38,-98,47,-82,-26,-47,84,-4,-52,-80,-87,-84,35,97,-26,-12,63,-63,17,-71,60,-43,-80,26,-90,22,27,-7,-82,-43,41,-21,-65,-11,-27,-14,18,-66,81,65,-46,70,58,65,44,-68,-69,7,-32,47,35,-72,-96,54,30,-87,-46,-43,-17,-29,-10,-76,26,25,-11,75,-89,-92,-91,68,49,-61,38,-16,-95,-18,15,-88,65,59,58,0,63,62,-68,-30,51,-15,4,-66,32,93,-65,-65,18,23,-90,5,7,94,-27,-66,-89,87,17,-85,-54,-90,-97,-89,68,60,-12,9,-1,-4,78,-49,80,-18,-39,-11,-47,-5,23,47,95,9,-47,2,-20,2,12,-10,-10,-70,-19,12,-84,-17,23,60,-56,87,-31,42,-17,-52,69,-60,6,-69,5,58,25,-95,6,20,-10,35,99,69,-63,11,-63,3,17,17,-84,32,77,15,-7,97,2,61,39,61,85,-14,77,-31,16,-18,-96,-82,-14,9,15,75,-79,-9,21,-42,-98,57,37,-4,-25,52,-72,-71,-33,-3,-74,45,-64,41,-17,97,-73,-40,-34,19,41,-30,37,-73,55,-71,78,53,19,0,-89,-3,-43,47,92,8,-23,97,36,43,-29,61,-34,6,3,48,4,6,85,46,-74,26,92,39,30,25,67,-15,-22,-14,84,-35,82,-81,88,75,26,-35,49,-60,85,-80,77,-49,3,-43,75,-93,63,60,29,65,-36,-1,4,70,-76,-29,-45,1,56]	9096
