[[0]]	1
[[1]]	0
[[0,0]]	1
[[0,1]]	0
[[1,0]]	0
[[1,1]]	0
[[0],[0]]	1
[[0],[1]]	0
[[1],[0]]	0
[[1],[1]]	0
[[0],[0]]	1
[[0,0],[0,0]]	2
[[0,0],[0,1]]	0
[[0,0],[1,0]]	1
[[0,1],[0,0]]	1
[[1,0],[0,0]]	0
[[0,1],[1,0]]	0
[[0,0,0],[0,1,0],[0,0,0]]	2
[[0,0,0,0],[0,1,0,0],[0,0,0,0],[0,0,1,0],[0,0,0,0]]	7
[[0,1,0,0,0],[1,0,0,0,0],[0,0,0,0,0],[0,0,0,0,0]]	0
[[0,0,0,0,0],[0,0,0,0,1],[0,0,0,1,0],[0,0,1,0,0]]	0
[[0,0,0,0,0],[0,0,0,0,1],[0,0,0,1,0],[0,0,0,0,0]]	10
[[0],[0],[0],[0],[0],[0],[0],[0],[0],[0],[0],[0],[0],[0],[0],[0],[0],[0],[0],[0]]	1
[[0],[1],[0],[0],[0],[0],[0],[0],[0],[0],[0],[0],[1],[0],[0],[0],[0],[1],[0],[0],[0],[0],[0],[0],[0],[0],[0],[0],[1],[1],[0],[1],[0],[0],[1],[0],[0],[0],[0],[1]]	0
[[0,0],[0,0],[0,0],[0,0],[0,0],[0,0],[1,0],[0,0],[0,0],[0,0],[0,0],[0,0],[1,0],[0,0],[0,0],[0,0],[0,0],[0,1],[0,0],[0,0],[1,0],[0,0],[0,0],[0,1],[0,0],[0,0],[0,0],[0,0],[0,0],[0,0],[0,0],[0,1],[0,0],[0,0],[0,0],[0,0],[1,0],[0,0],[0,0],[0,0],[0,0]]	0
[[1,0,0,0,0,0],[0,1,0,1,0,0]]	0
[[0,0,0,0,0,0,0,0,1,0,1,0,0,0,0,0,0,0,0,1,0,0,0,0,0,1,0,0,0,0,0,0,0],[0,0,0,0,0,0,0,0,0,0,0,0,1,0,0,0,0,1,0,0,0,0,0,0,0,0,0,0,0,0,0,0,1],[0,0,0,0,0,1,0,1,0,0,0,0,0,0,0,0,0,0,0,0,0,1,0,0,0,0,1,0,0,0,0,0,0],[1,1,1,0,0,0,0,1,0,0,0,0,0,0,0,0,1,0,0,1,1,0,0,0,0,0,0,0,0,1,0,0,1],[0,0,1,0,0,1,0,0,0,0,0,0,0,0,0,0,0,0,0,0,0,0,0,1,0,0,0,1,0,0,0,0,0],[0,0,0,1,0,1,0,0,0,0,1,1,0,0,0,0,0,0,0,0,1,0,0,0,0,0,0,0,0,0,1,1,0],[1,0,1,1,1,0,0,0,0,1,0,0,0,0,0,0,0,0,1,0,0,0,0,0,1,0,0,0,0,0,0,0,0],[0,0,1,0,0,0,0,0,0,0,0,0,0,0,0,1,0,0,1,0,1,0,0,0,1,0,1,0,0,0,0,0,0],[0,0,0,0,0,0,0,0,0,0,1,0,0,0,0,0,0,0,0,0,0,0,0,0,0,0,0,1,1,0,0,1,0],[0,0,0,0,0,0,0,0,0,1,1,0,0,0,0,0,0,0,0,0,0,0,1,1,0,0,0,1,0,0,0,0,0],[0,1,1,0,0,0,0,0,0,0,0,0,0,0,0,0,1,0,0,0,1,0,0,0,0,0,0,0,0,0,0,0,0],[1,0,1,0,0,0,0,0,0,0,0,1,0,0,1,0,0,0,0,1,0,1,0,0,0,1,0,1,0,0,0,0,1],[0,0,0,0,0,0,0,0,0,0,0,1,0,0,0,0,0,1,0,1,0,0,0,0,0,0,1,1,0,0,0,0,0],[0,1,0,1,0,0,0,0,1,0,0,1,0,0,0,0,0,0,0,1,1,0,0,0,0,0,0,1,0,0,0,0,0],[0,1,0,0,0,0,0,0,1,0,0,1,1,0,0,0,0,0,0,0,0,0,0,0,0,0,1,0,0,1,1,0,1],[1,0,0,0,0,1,0,0,1,0,0,0,0,0,0,0,1,0,0,0,0,0,0,0,0,0,0,0,0,0,0,0,0],[0,0,0,0,0,0,0,0,0,0,0,0,0,0,1,0,0,1,0,0,0,0,1,1,0,0,1,0,0,0,0,0,0],[0,0,1,0,0,0,0,0,0,0,1,0,0,1,0,0,1,0,0,0,0,0,0,1,1,0,1,0,0,0,0,1,1],[0,1,0,0,1,0,0,0,0,0,0,0,0,1,0,0,0,0,0,0,0,0,0,0,0,1,0,1,1,0,1,0,1],[1,1,1,0,1,0,0,0,0,1,0,0,0,0,0,0,1,0,1,0,1,1,0,0,0,0,0,0,0,0,0,0,0],[0,0,0,0,1,1,0,0,0,0,0,0,0,0,0,0,0,1,0,0,0,1,0,0,0,0,0,0,0,0,0,1,1],[0,0,0,1,0,0,0,0,0,0,0,0,0,0,0,0,0,1,0,0,0,0,0,1,0,1,0,0,0,1,0,0,0]]	1637984640
[[0,0,0,0,0,1,0,1,0,0,0,0,1,0,0,0,0,0],[0,0,0,0,0,0,1,0,0,0,0,1,0,1,0,1,0,0],[1,0,0,0,0,0,1,0,0,0,0,0,1,0,1,1,0,1],[0,0,0,1,0,0,1,0,0,0,0,0,0,0,0,0,0,0],[0,0,0,0,0,1,0,0,0,0,0,0,0,0,0,0,0,0],[0,0,0,0,0,0,0,0,0,0,1,0,0,0,0,0,1,0],[0,0,0,0,0,1,0,0,0,0,1,1,0,1,0,0,0,0],[1,0,0,0,1,0,0,1,0,0,0,0,0,0,0,0,1,0],[0,0,0,0,1,0,0,0,1,0,0,0,1,0,0,0,0,0],[0,0,0,0,0,1,0,0,0,0,0,0,1,0,0,0,0,0],[0,0,0,0,0,0,0,0,0,0,0,0,0,0,0,0,0,0],[1,1,0,0,0,0,0,0,0,0,1,0,0,0,0,1,0,0],[0,0,1,0,1,0,0,0,0,0,0,1,0,0,0,0,0,0],[0,1,0,0,0,1,0,0,0,0,0,0,0,0,1,0,0,0],[0,0,1,0,0,0,0,1,0,0,0,0,0,1,0,0,0,1],[0,1,0,1,0,1,0,0,0,0,0,0,0,1,0,0,0,0],[0,0,0,0,0,0,0,0,0,0,0,0,1,0,0,0,0,1],[1,0,1,1,0,0,0,0,0,0,1,0,1,0,0,0,1,0],[0,0,0,1,0,0,0,0,1,1,1,0,0,1,0,1,1,0],[0,1,0,1,0,0,0,0,0,0,0,0,0,0,0,0,0,0],[0,1,1,0,0,1,0,0,0,0,0,0,0,1,1,0,0,0],[0,0,0,0,0,0,1,0,1,0,0,1,0,1,1,1,0,0],[0,0,0,1,0,0,0,0,0,0,0,0,0,0,1,0,1,1],[0,1,0,0,0,0,0,0,0,0,1,0,1,0,1,0,1,0],[1,0,0,1,0,1,0,0,1,0,0,0,0,0,0,0,0,0],[0,0,0,1,0,0,1,0,0,0,0,0,0,0,0,0,0,0],[0,1,0,0,0,0,0,1,0,0,0,0,0,0,1,1,1,0],[1,0,1,0,1,0,0,0,0,0,0,1,1,0,0,0,0,1],[1,0,0,0,0,0,1,1,0,0,0,1,0,0,0,0,0,0]]	13594824
[[0,1,0,0,0,1,0,0,0,0,1,1,0,0],[0,1,0,0,0,0,0,0,0,0,0,1,1,0],[0,1,1,1,0,1,0,1,1,0,0,1,1,0],[0,0,0,1,0,0,0,0,0,0,0,1,0,0],[0,0,0,0,0,0,0,0,0,0,0,0,0,0],[0,0,0,0,0,0,0,0,1,0,0,0,0,1],[0,1,1,0,1,0,0,0,0,0,0,0,0,0],[0,0,0,0,0,0,0,1,0,0,1,0,1,0],[0,0,1,0,0,0,0,0,0,0,1,0,0,0],[0,0,0,0,0,0,0,1,1,0,1,0,0,0],[1,0,0,0,0,0,0,0,0,1,0,1,0,0],[1,0,0,0,1,0,1,0,1,0,0,1,0,0],[0,0,0,0,0,1,0,0,0,0,0,1,0,0],[0,1,1,1,0,0,0,0,0,0,1,1,1,0],[1,1,0,0,0,0,0,0,0,1,0,0,1,0],[0,0,0,0,1,0,0,0,0,1,0,0,0,0],[0,0,0,0,0,0,0,1,1,0,0,0,1,0],[0,1,0,0,0,0,0,1,0,1,0,0,0,0],[1,0,0,0,0,1,0,0,0,0,0,0,1,0],[0,1,0,0,0,1,0,0,0,1,0,1,1,0],[0,0,0,0,0,0,0,0,1,0,0,0,0,0],[1,0,1,0,0,0,0,0,1,0,0,0,0,0],[0,0,0,0,0,0,0,0,0,0,1,0,1,0],[0,0,1,0,0,0,0,0,0,1,1,0,0,0],[1,1,0,0,0,0,0,0,0,0,0,0,0,0]]	10812
[[0,0,0,0,0,0,1,0,0,0,0,1,0,0,0,0,0,0,1,0,0,0,0,0,0,1,0,1,0],[1,0,0,0,0,1,0,0,1,0,0,0,1,0,1,0,0,0,0,0,0,0,1,1,0,0,0,0,1],[0,0,1,0,0,1,0,0,0,0,0,0,0,0,1,0,1,0,0,0,0,0,0,0,0,0,1,0,0],[0,0,0,0,1,0,1,1,0,0,0,0,0,0,0,0,0,1,0,1,0,1,0,0,0,0,0,0,0],[0,0,0,1,0,0,1,1,0,0,1,0,0,0,1,0,0,0,0,0,0,1,0,0,0,0,0,0,0],[0,0,1,0,1,0,1,0,1,0,1,0,0,1,0,0,0,1,0,0,1,0,0,1,0,0,1,0,0],[1,0,1,0,0,0,0,0,0,1,0,0,0,0,1,0,0,0,0,0,0,0,1,1,0,1,0,1,0],[0,0,0,0,1,0,0,0,0,0,0,0,0,0,0,0,0,0,0,1,0,0,0,0,0,0,0,0,0],[1,0,0,0,0,0,0,0,1,0,1,0,0,0,0,0,0,1,0,0,0,0,1,0,0,1,1,0,1],[0,0,0,1,0,0,0,1,1,0,0,0,0,0,1,0,0,0,0,0,0,0,0,0,0,1,0,0,0],[0,0,1,1,0,0,0,1,1,1,0,0,0,1,0,0,0,0,0,0,0,0,1,0,0,0,0,0,0],[0,1,0,0,0,0,0,0,1,0,0,0,0,1,0,0,0,0,0,0,0,1,0,0,0,0,1,0,0],[0,0,1,0,0,0,1,0,0,0,0,0,1,1,0,1,0,0,0,0,0,1,0,0,0,0,0,0,0],[0,0,0,1,1,0,0,0,0,1,1,0,0,0,0,0,0,0,0,0,1,0,1,0,0,1,0,0,0],[0,0,0,1,0,0,0,0,1,0,1,1,0,0,0,0,0,0,0,0,0,0,1,0,0,0,0,1,0],[0,0,1,0,1,0,0,0,0,0,0,0,0,0,0,0,0,0,0,0,0,0,0,0,0,0,0,0,0],[0,0,0,0,1,0,1,0,0,0,0,1,0,0,0,1,0,0,0,1,1,1,1,0,0,0,1,0,1],[0,0,0,0,0,0,0,0,0,0,0,0,0,0,0,0,1,0,0,0,0,0,0,0,0,0,1,0,1],[0,0,0,0,0,1,0,1,0,0,0,1,0,0,1,1,0,0,0,0,0,0,0,0,0,0,0,0,0],[0,0,0,0,0,0,0,0,0,0,1,1,0,1,1,0,0,0,0,1,1,0,0,0,0,0,0,1,0],[0,0,1,0,0,0,0,0,1,0,0,0,0,1,0,0,0,0,0,0,0,0,0,1,0,0,0,0,1],[0,1,1,1,0,0,0,0,0,1,0,0,0,1,0,0,0,0,0,0,0,0,1,0,0,0,0,0,0],[0,0,0,0,0,0,0,0,0,1,0,0,0,0,0,0,0,1,0,0,0,0,0,1,1,0,1,0,0],[0,0,0,0,0,1,1,0,0,0,0,1,0,0,0,0,0,1,0,0,0,0,0,0,0,0,0,1,0],[0,0,0,0,1,1,0,1,0,1,1,1,1,0,0,0,0,0,0,0,1,0,1,0,0,0,0,0,1],[0,1,0,0,0,0,0,1,1,0,0,0,0,0,0,0,0,0,0,1,0,0,0,0,0,1,0,1,0],[0,1,0,0,0,0,0,1,0,1,1,0,0,1,0,0,0,0,0,0,0,0,0,1,0,0,0,0,0],[0,0,0,0,0,1,0,0,0,0,0,0,0,0,0,0,1,0,0,1,0,0,0,0,0,0,0,1,0]]	2768280
[[0,0,0,1,0,0,0,0,0,1,0,0,0,0,0,1,0,1,1,0,0,1,0,1,1,0,1,0,0,1,0,0,0,1,0,0],[0,0,1,0,0,0,0,0,0,0,0,0,1,0,0,0,0,0,1,0,1,0,0,1,0,0,0,0,0,0,0,0,0,0,0,0],[1,0,0,1,0,0,0,0,0,1,0,0,0,0,1,0,0,0,0,0,0,0,0,1,0,1,0,1,0,1,0,0,1,0,0,0],[1,0,0,0,0,0,0,0,0,0,0,0,0,0,0,1,0,0,1,1,0,0,0,1,0,0,0,0,0,0,1,0,0,1,0,1],[0,0,0,1,0,0,0,0,0,0,0,1,1,0,0,1,0,0,1,0,0,0,0,0,0,0,0,0,0,0,0,0,0,1,0,0],[0,0,1,0,0,0,1,1,0,0,1,0,0,0,0,0,0,0,0,1,0,0,0,0,0,0,1,1,0,0,1,0,0,1,0,0],[0,0,0,0,0,0,1,0,0,0,1,1,0,1,1,0,0,0,0,0,1,0,0,0,0,0,0,0,0,0,1,0,0,1,0,0],[1,1,0,0,0,0,0,0,0,0,0,0,0,1,0,0,0,0,0,0,0,0,0,0,0,1,0,0,1,0,1,1,0,0,0,1],[0,0,0,0,1,0,0,1,0,1,1,1,0,0,0,1,0,0,1,0,1,0,0,0,0,1,1,1,0,0,0,0,0,0,0,0],[0,0,0,1,0,0,0,0,0,0,0,0,0,1,1,1,0,1,0,0,1,1,0,0,0,0,0,0,0,0,0,1,1,0,0,0],[1,0,1,0,1,1,0,1,0,1,0,0,1,0,0,0,0,0,1,0,0,0,0,1,1,1,0,0,0,0,1,0,0,0,1,0],[0,0,0,0,0,0,1,0,0,1,1,0,0,1,0,0,0,0,1,0,0,1,1,0,0,0,0,0,1,0,0,1,0,0,0,1],[0,0,0,0,1,0,0,0,0,0,0,0,1,0,0,0,0,0,0,0,0,0,1,0,0,1,0,0,0,1,0,0,1,0,0,0],[1,0,0,0,0,0,1,0,0,0,0,0,0,1,0,0,1,0,1,0,0,0,0,0,0,0,0,0,0,0,0,0,0,0,0,0],[0,0,1,0,1,0,1,0,0,0,0,0,0,0,0,0,0,0,0,0,1,0,0,0,0,0,0,0,0,0,0,0,0,0,1,0],[0,1,0,0,1,0,0,0,0,0,1,0,1,1,0,0,0,1,0,0,0,0,0,0,0,0,1,0,0,1,0,0,0,0,0,0],[0,0,0,0,1,0,0,0,1,0,0,0,0,1,0,0,1,1,0,0,0,0,1,0,0,0,0,0,1,0,0,0,0,0,0,0],[0,0,0,0,0,1,0,0,1,1,0,0,0,0,0,0,0,0,1,0,0,1,0,0,0,0,0,0,0,0,0,0,0,0,1,0],[0,0,1,0,1,0,1,0,0,0,0,0,1,0,1,0,1,0,0,0,0,0,0,0,0,0,0,0,0,0,0,0,0,0,0,0],[0,0,0,0,1,0,0,0,0,0,0,0,0,0,0,1,0,0,0,1,1,0,0,0,1,0,0,0,1,0,0,0,1,0,0,0],[0,0,0,1,0,1,0,0,1,0,0,0,0,0,1,1,1,0,1,1,1,0,0,1,0,1,0,1,1,1,0,0,0,0,0,0],[0,0,1,0,0,0,0,1,1,0,0,0,1,0,0,0,0,0,0,0,0,0,0,0,0,1,0,0,0,0,0,0,0,0,0,0],[0,0,0,0,0,0,0,0,0,0,0,0,0,0,0,1,0,0,0,0,0,0,0,0,0,0,0,0,0,0,1,0,0,0,0,0],[0,0,0,0,0,0,0,0,1,1,0,0,0,0,0,0,0,0,0,0,1,0,0,0,1,0,0,0,0,0,0,0,0,0,0,0],[1,1,0,0,0,0,1,0,0,1,1,0,0,0,0,0,1,1,1,0,0,0,0,0,0,0,0,0,0,0,0,0,0,0,1,0],[0,1,0,0,0,1,0,0,0,0,0,1,0,0,0,0,1,0,0,0,0,0,0,1,0,0,0,0,0,0,1,0,0,1,0,0],[0,0,0,0,1,0,0,1,0,0,0,0,0,0,1,0,0,1,0,1,1,1,0,0,0,0,0,0,1,0,0,0,1,1,0,0],[0,0,0,0,0,0,0,0,0,0,0,0,0,0,1,0,0,0,0,1,0,0,0,0,0,0,1,0,0,0,0,0,0,0,0,0]]	718991952
[[0,1,0,0,1,0,0,0,0,0,0,0,1,0,0,0,0,0,0,0,1,1,1,0,0,0,0,0,0,1,0],[0,0,0,1,0,1,0,1,0,0,0,0,0,0,0,0,0,0,0,0,0,0,1,0,0,0,0,0,0,1,0],[0,0,0,0,0,0,0,0,0,0,0,0,0,0,0,0,1,1,0,1,0,0,0,1,1,0,0,0,0,0,0],[0,0,0,0,1,0,1,0,0,0,0,0,0,0,0,0,0,0,0,0,0,0,0,0,0,0,0,1,1,0,0],[0,0,0,0,1,0,0,1,1,0,0,1,0,0,0,0,1,0,0,0,0,0,0,0,0,0,0,0,0,1,0],[0,0,0,0,1,0,0,0,0,0,1,0,0,0,0,0,0,0,0,1,0,1,0,0,0,0,0,0,0,0,0],[0,0,1,1,0,0,0,0,1,0,1,0,0,0,0,0,0,0,1,0,0,1,1,0,1,0,0,0,0,0,0],[0,1,0,1,0,0,0,0,0,1,0,0,0,0,1,0,0,0,0,1,0,0,1,0,1,0,0,1,1,0,0],[0,0,0,0,1,1,0,0,0,0,0,0,0,1,0,0,0,1,1,0,0,1,0,0,0,1,1,0,1,0,0],[0,0,0,1,0,0,0,1,0,0,0,1,0,0,0,0,0,0,0,0,0,0,0,0,0,0,0,0,1,1,0],[0,0,0,1,0,0,0,0,0,0,0,0,1,0,0,0,0,0,0,0,1,0,0,0,0,0,0,0,0,0,0],[0,0,0,0,1,0,0,1,0,0,0,0,0,0,0,1,1,0,0,0,0,0,0,0,0,0,1,0,0,0,0],[0,1,0,1,1,0,0,0,0,0,0,0,1,0,0,0,0,1,0,0,1,1,0,0,0,0,1,1,0,0,0]]	176877
[[0,0,0,0,0,0,0,0,0,1,0,1,1,0,0,0,1,0,0,1,1,0,0,0,0,0,0,1,0,0,0],[0,0,0,1,1,1,1,0,0,1,1,0,0,1,1,0,1,0,0,1,0,0,0,1,0,0,0,1,0,0,0],[0,0,0,0,1,0,0,0,0,1,0,0,0,0,0,0,0,0,1,0,1,0,0,0,0,1,0,0,0,0,1],[0,0,0,0,0,1,1,1,0,0,0,1,1,0,0,0,0,0,0,0,0,0,0,0,0,0,0,0,0,0,0],[1,1,1,0,0,0,0,0,0,0,0,0,1,0,1,0,0,0,0,0,0,0,1,1,0,0,0,0,1,0,1],[0,1,0,0,0,1,0,1,0,0,0,0,0,0,1,0,0,0,0,0,0,0,0,0,0,0,0,0,0,0,0],[0,0,0,1,0,0,0,0,1,0,0,0,1,1,0,0,0,0,1,0,0,1,1,0,0,1,0,0,0,1,0],[1,0,0,1,0,0,0,0,0,1,0,0,0,0,0,0,0,0,0,0,1,0,0,0,1,0,0,0,0,1,0],[0,0,0,0,0,0,0,0,1,0,0,0,0,0,0,0,1,0,0,0,0,0,0,0,1,0,0,0,0,0,0],[1,1,1,0,1,0,1,0,0,0,0,0,0,1,1,0,0,0,0,0,0,0,0,0,0,0,0,0,0,1,0],[0,1,1,0,1,0,1,0,0,0,0,1,0,1,0,0,0,0,0,0,0,1,0,1,0,0,0,1,0,0,0],[0,0,0,0,0,0,0,1,0,0,0,0,0,0,0,0,0,0,1,0,0,1,1,0,0,0,0,0,0,0,0],[0,0,0,0,1,0,0,0,0,0,0,1,1,0,1,0,0,0,0,1,0,1,0,0,1,0,0,0,0,0,1],[0,0,1,0,0,0,0,0,0,0,0,0,0,0,0,1,0,1,0,0,0,1,0,0,0,0,0,0,0,1,0],[1,0,0,1,0,0,1,1,1,0,1,1,0,0,0,0,0,0,0,0,0,0,0,0,0,0,0,1,0,0,0],[0,0,0,0,0,0,1,0,0,0,0,1,1,0,0,0,0,0,0,1,0,1,0,1,0,1,0,0,1,0,0],[0,0,0,0,0,1,0,0,1,0,0,1,0,0,0,1,1,0,0,0,1,0,0,0,0,1,1,1,1,0,0],[1,0,0,0,0,1,0,1,1,0,0,0,0,0,1,0,1,0,0,0,0,0,0,0,0,0,0,0,0,1,0],[0,1,0,1,0,0,0,0,1,0,0,0,1,0,1,1,0,0,0,0,0,0,1,1,0,0,0,0,0,0,0],[0,0,0,0,0,0,1,0,0,0,1,0,0,1,0,1,0,0,0,0,1,0,0,1,0,0,0,1,0,0,0],[1,0,0,0,1,0,1,1,0,1,1,1,1,0,1,1,1,0,1,0,1,0,0,1,1,1,0,1,0,0,1],[0,1,0,1,0,1,0,0,0,0,1,0,0,0,0,0,0,1,1,0,1,0,0,0,0,0,1,0,0,0,0],[0,0,0,1,0,0,0,1,1,1,1,0,0,0,0,0,1,0,0,0,0,0,0,0,0,1,0,0,0,0,1],[0,1,0,1,0,0,0,0,0,1,0,0,0,0,1,0,0,0,0,0,0,0,0,1,0,0,0,0,1,1,0],[0,0,1,0,0,1,0,0,0,1,0,0,1,0,0,0,0,0,0,0,0,0,0,0,1,1,1,0,0,0,0],[0,0,0,0,0,0,0,0,1,0,0,0,0,0,0,0,0,1,0,0,0,0,1,1,0,0,0,0,1,0,0],[0,0,0,0,1,1,0,1,0,1,0,1,0,0,0,0,1,0,0,1,1,0,1,0,1,1,0,0,0,0,0],[0,0,0,0,0,0,1,0,1,0,0,1,1,0,0,0,1,1,0,0,1,1,0,0,1,1,0,0,0,1,1],[1,0,0,0,0,0,1,0,0,0,0,0,0,0,1,0,0,1,0,0,0,0,0,0,0,0,0,0,0,0,0],[0,0,1,0,1,0,0,0,0,0,0,0,0,1,0,1,0,0,0,0,1,0,0,0,0,0,1,0,0,0,0],[0,1,0,0,0,0,0,1,0,1,0,1,0,0,0,0,0,0,0,1,0,0,0,1,0,1,0,0,1,0,0],[0,0,1,0,0,0,0,0,0,0,0,0,0,0,0,0,1,1,0,0,1,0,0,0,0,1,1,0,1,0,0],[0,1,1,1,0,0,0,1,1,0,0,1,0,0,0,0,0,0,0,0,0,0,0,0,0,0,0,0,0,1,0],[1,0,0,1,0,1,0,0,1,1,0,1,0,0,0,0,0,0,0,0,0,0,1,1,0,0,0,0,1,0,0]]	1992729840
[[0,0,0,0,1,0,0,0,1,0,1,0,0,0,0,0,1,0,0,0,1,1,0,1,0,0,1,0,1,0,0,0,1,1,0,0,0,0,1,1,0,0,0,0,0,0,1,0,1,1,0,1,0,0],[0,0,1,0,1,0,0,0,0,1,1,0,0,0,0,1,0,1,0,0,0,1,0,1,0,0,0,0,1,0,0,0,0,0,0,1,0,1,0,1,0,0,0,1,0,0,1,0,0,0,0,0,0,0],[0,1,1,1,0,0,1,1,0,1,1,0,0,0,1,0,1,0,0,1,1,0,0,1,0,0,0,0,1,0,0,0,0,1,0,0,0,1,0,1,1,0,1,0,0,1,0,0,1,0,0,0,1,0],[0,0,1,1,1,1,0,1,1,0,0,0,0,0,1,0,0,0,0,0,0,1,0,1,1,1,0,0,0,0,0,0,0,0,0,0,0,0,1,0,0,0,0,1,1,1,1,0,0,0,0,0,0,1],[1,0,0,0,0,0,0,0,0,0,1,0,1,0,1,0,1,0,1,0,1,1,0,1,0,0,0,1,0,1,0,0,1,1,1,1,1,0,0,1,0,0,0,1,0,0,0,0,1,1,1,1,1,0],[0,0,0,0,0,1,0,1,0,0,0,0,1,1,1,1,1,0,1,0,0,0,0,0,1,0,0,1,0,0,1,0,1,0,0,1,1,0,0,1,0,0,1,0,0,1,0,0,0,0,0,0,1,1],[0,0,1,0,0,1,1,0,0,0,1,0,0,0,1,0,0,0,0,0,0,0,1,0,0,1,0,0,1,0,1,0,1,1,1,0,0,0,0,0,0,0,1,0,1,0,1,0,1,1,0,0,0,1],[0,0,0,0,0,0,1,0,0,0,0,0,0,1,0,1,0,1,0,1,0,0,0,1,0,1,0,0,1,1,0,0,1,0,0,1,0,0,0,0,0,0,0,0,0,0,0,0,0,0,0,0,0,0],[0,0,0,0,0,1,1,0,0,0,0,0,0,0,0,1,1,0,0,0,0,0,1,1,1,0,0,1,0,0,1,0,1,1,0,1,0,0,0,1,0,1,0,0,1,0,1,0,1,0,0,0,0,0],[0,0,0,0,0,0,1,1,0,1,0,0,1,1,0,0,1,0,0,1,1,0,0,1,1,0,0,0,0,0,1,0,1,0,0,0,0,0,0,1,0,0,0,1,1,0,0,0,0,1,0,0,0,0],[1,0,1,1,0,0,0,0,0,0,0,0,0,0,0,1,0,0,1,0,0,0,0,0,0,1,0,0,0,0,1,1,0,0,1,1,0,0,1,1,0,0,1,1,0,1,0,0,0,0,0,0,1,0],[1,0,0,0,0,0,1,1,0,0,0,0,0,1,0,0,0,0,0,0,0,0,0,0,0,0,0,0,0,0,0,0,1,0,1,1,1,1,1,0,1,1,0,0,0,0,0,1,1,1,1,0,0,1],[0,0,0,0,0,0,1,0,0,0,1,0,0,1,1,1,1,1,0,0,1,1,1,0,0,0,0,0,0,1,1,0,1,1,1,0,0,0,0,1,1,1,1,0,0,1,1,1,0,0,0,0,1,1],[1,1,0,0,1,0,0,0,0,0,0,0,0,1,0,0,0,0,0,0,1,0,1,0,0,0,0,0,0,0,0,0,0,0,1,1,1,1,0,0,1,0,0,0,0,0,0,0,1,0,0,0,0,0],[1,1,0,0,1,0,0,0,0,1,1,1,0,0,0,0,1,0,0,0,1,0,0,0,0,0,0,1,0,1,0,0,0,0,0,0,0,1,0,0,0,0,0,0,0,0,0,0,1,1,0,0,1,1],[0,0,1,0,1,0,0,1,1,0,0,0,0,1,0,0,0,0,0,0,0,1,0,1,0,1,1,1,1,0,0,0,1,0,0,1,0,0,1,0,0,1,0,1,0,0,0,1,0,0,0,0,0,1],[0,1,0,0,0,0,0,0,0,0,0,0,1,0,1,0,0,0,0,1,0,0,0,0,0,0,1,0,0,0,0,1,1,0,0,0,0,0,0,0,0,1,0,0,0,0,0,1,1,1,0,0,0,0],[0,0,0,1,0,1,0,1,0,0,1,0,1,0,1,0,0,1,0,1,0,0,0,1,1,1,0,0,1,0,0,1,1,0,1,1,1,1,1,1,0,0,0,1,0,0,0,1,0,1,1,0,1,1],[0,1,0,1,0,0,0,0,1,0,0,0,0,1,0,0,1,0,0,1,0,0,0,0,1,1,0,1,1,1,0,0,0,1,0,0,0,0,1,0,0,0,1,0,0,1,0,1,0,1,1,0,1,1],[0,0,0,0,0,0,0,0,1,0,0,0,1,1,0,0,1,0,0,0,0,0,0,1,0,0,0,1,1,1,0,0,0,1,0,0,0,1,1,1,0,0,0,0,0,0,1,1,0,0,0,0,1,1],[0,1,0,0,1,0,0,0,0,0,0,0,0,0,1,0,1,0,0,0,0,0,1,0,0,0,1,1,0,0,0,0,0,1,1,0,0,1,0,1,0,0,0,0,0,0,0,0,0,0,0,0,0,0],[0,1,0,0,0,1,0,1,0,0,0,0,0,1,0,0,1,0,1,1,0,0,1,1,0,1,0,1,0,0,0,1,0,0,0,0,0,0,0,1,0,0,1,0,0,1,1,0,0,0,0,0,1,0],[0,0,0,0,1,0,1,0,0,1,0,0,0,0,0,1,1,0,0,1,0,1,0,0,0,1,0,1,0,0,1,0,0,1,0,0,0,0,0,0,1,0,1,0,0,0,0,1,0,0,0,0,0,1],[0,0,0,1,0,0,1,1,1,0,0,0,1,1,0,0,1,0,0,0,0,0,1,0,0,0,1,0,0,0,0,0,0,1,1,0,0,1,1,1,0,0,0,1,0,0,1,1,0,0,1,1,1,1],[0,1,1,0,0,0,0,0,0,1,1,0,0,0,0,0,0,0,0,0,0,0,0,1,0,0,0,0,0,1,0,0,1,0,0,1,0,0,0,0,0,0,1,0,0,0,0,0,1,1,0,0,0,0],[0,0,1,0,1,1,1,0,1,0,0,0,0,0,1,0,1,1,0,0,0,1,0,0,1,0,1,0,1,1,0,0,0,0,0,0,0,0,0,1,0,1,0,0,0,0,1,0,0,0,0,1,0,0],[0,0,0,1,0,1,1,0,1,0,1,0,0,1,1,0,0,0,0,0,1,0,1,0,0,1,0,0,1,0,1,1,0,1,0,0,0,0,0,0,0,0,0,0,0,1,0,0,0,1,0,1,0,0],[0,0,0,0,0,0,0,0,0,1,1,0,0,0,0,1,1,1,1,1,1,1,1,0,1,1,0,0,1,1,0,1,0,0,1,0,0,0,1,1,0,1,1,0,0,0,0,0,1,1,1,0,0,0],[1,0,0,1,1,0,1,0,1,1,0,1,0,0,1,1,0,0,1,1,0,1,0,0,1,1,1,0,0,0,1,0,1,0,1,1,0,1,1,0,0,1,0,0,1,0,0,1,1,1,0,1,0,1],[0,0,0,0,0,0,0,0,0,0,0,0,1,0,1,0,1,0,0,0,0,1,0,1,1,0,0,0,0,1,1,1,1,0,0,0,0,0,1,1,0,0,0,1,0,0,0,0,0,0,1,0,0,1],[0,0,0,0,0,1,0,0,1,0,1,1,0,0,0,0,0,0,0,0,0,0,0,0,0,0,1,1,0,0,1,0,0,0,0,1,0,1,0,0,0,1,1,0,0,1,0,1,1,1,0,0,1,0],[0,1,0,0,0,1,1,0,0,0,0,0,1,1,0,0,1,1,1,0,1,0,0,0,0,0,0,0,0,1,1,0,1,0,0,0,0,0,1,0,0,0,0,0,1,1,0,1,0,1,0,0,0,1],[1,0,0,0,0,0,0,0,0,0,0,0,1,0,0,1,0,0,0,0,0,0,1,0,0,0,0,0,0,0,1,1,0,1,0,1,0,0,0,1,1,0,0,1,0,1,0,0,0,0,0,0,0,0],[1,1,0,1,0,0,0,1,0,0,0,1,0,0,0,0,0,0,1,1,0,0,0,0,1,0,0,0,0,0,1,1,0,1,0,0,0,1,0,0,0,0,0,0,1,0,0,1,0,0,0,0,0,0],[1,0,0,0,1,1,0,0,0,1,1,1,1,0,0,1,0,0,0,0,0,1,1,0,1,0,0,0,0,0,0,0,0,1,0,0,1,1,0,1,0,1,0,0,1,1,1,1,0,0,0,1,0,0],[1,0,0,0,0,1,1,1,0,0,1,0,1,0,1,1,1,1,0,0,1,0,0,0,0,0,1,0,0,0,1,0,0,0,1,0,1,0,1,1,0,1,0,0,1,0,1,1,1,0,0,0,1,0],[0,0,0,0,0,0,0,0,0,0,0,0,1,0,0,1,0,0,0,0,0,0,0,0,1,1,0,0,0,0,1,1,0,0,0,0,0,0,0,1,0,0,0,0,0,0,0,0,1,1,0,0,0,0],[1,0,0,0,1,1,0,1,0,0,1,1,1,0,0,0,0,0,0,0,0,0,0,0,1,0,1,0,0,1,1,1,1,0,0,1,1,0,0,0,1,1,0,0,0,0,1,0,1,0,0,0,0,0],[0,0,0,0,0,1,1,1,0,0,0,0,0,1,1,0,0,0,0,0,0,0,0,0,0,0,0,0,1,0,1,1,0,0,1,0,0,0,0,0,0,0,0,1,0,1,0,0,1,0,0,0,0,0],[0,0,1,0,1,0,0,0,0,1,0,1,1,0,0,1,1,0,1,0,0,1,1,0,1,1,0,0,0,0,0,0,1,0,1,1,0,0,0,0,0,0,1,0,0,0,0,0,0,0,1,0,1,0],[0,0,1,0,0,0,1,0,0,1,0,1,0,0,0,0,0,0,1,0,1,0,0,1,0,0,1,1,0,0,0,1,0,0,0,0,0,0,0,1,1,1,0,0,1,0,1,0,1,1,0,0,1,1],[0,1,0,0,0,1,0,0,0,1,0,1,1,0,0,0,0,1,1,0,0,0,0,0,1,0,1,0,0,0,0,1,0,1,0,1,1,0,0,0,1,1,0,0,0,0,0,0,0,0,0,0,0,0]]	308524500
[[0,0,0,0,0,0,0,1,0,0,0,0,0,0,0,1,0,0,0,0,0,1,0,0,0,0,0,1,0,1,0],[1,0,0,1,0,1,0,0,0,0,0,0,0,1,0,1,0,0,0,0,0,0,0,0,0,0,0,1,1,0,1],[0,0,0,0,0,1,0,1,1,0,0,0,1,0,0,0,0,0,0,1,0,1,1,0,1,1,1,0,1,0,0],[0,0,0,0,0,0,1,0,1,0,0,1,1,1,0,1,0,0,0,0,0,1,0,1,0,0,0,1,0,0,0],[0,0,0,0,0,0,0,0,0,0,0,1,1,0,1,0,1,1,1,0,1,0,1,0,1,0,1,1,1,1,0],[0,0,1,1,1,0,1,0,0,0,0,0,0,0,1,0,0,0,0,1,0,0,0,0,0,0,0,0,0,1,1],[1,1,0,0,0,0,0,0,1,1,0,0,0,1,0,0,1,0,0,0,1,1,1,0,0,0,0,0,0,0,1],[1,0,0,0,0,1,0,0,0,0,0,1,1,1,0,1,1,0,0,0,0,0,1,0,0,1,1,0,0,0,0],[0,0,0,0,0,0,0,0,0,0,0,0,0,0,1,1,0,0,0,0,1,1,0,0,0,0,0,0,0,0,0],[0,0,0,1,1,0,0,1,0,0,0,1,0,0,0,0,0,0,0,0,0,1,0,1,1,0,0,0,0,1,1],[0,0,1,0,0,1,0,0,0,1,0,1,0,0,0,0,1,0,0,0,1,0,1,1,0,1,0,0,0,1,0],[1,0,0,0,1,1,1,0,0,0,0,0,0,0,0,1,1,1,0,0,1,0,0,0,0,1,0,1,1,1,1],[0,0,1,1,1,0,0,1,1,1,1,0,0,1,0,0,1,0,0,1,1,0,1,0,0,0,0,1,0,0,0],[1,0,0,1,0,1,0,0,1,1,1,1,0,1,0,0,0,0,1,0,0,0,0,1,0,0,0,0,0,1,1],[0,0,1,1,0,0,1,0,0,1,0,0,1,0,0,0,1,1,1,1,0,0,0,0,0,1,0,0,0,1,1],[0,1,0,1,1,0,1,0,0,0,0,1,0,0,0,0,1,0,0,1,0,0,0,1,0,1,1,1,1,0,0],[0,0,0,0,0,1,1,1,0,0,1,1,0,0,0,0,0,0,0,0,0,0,1,1,1,0,0,1,0,0,1],[0,1,1,0,1,1,0,0,0,0,0,0,0,0,0,0,0,0,0,0,0,0,0,0,0,1,1,0,1,0,0],[0,1,0,1,0,1,0,1,0,0,1,1,0,0,0,1,1,0,0,0,0,0,0,1,0,1,1,0,1,0,0],[0,0,0,0,0,0,0,1,1,0,1,1,1,0,1,1,1,1,1,0,0,0,0,0,0,0,0,1,0,0,0],[0,0,0,0,0,0,1,0,0,0,0,1,0,0,0,1,0,0,1,0,1,0,1,0,1,0,1,1,0,0,0],[0,1,1,1,0,0,0,1,0,1,0,0,1,0,1,0,0,0,0,1,0,0,0,1,1,1,0,1,1,1,1],[0,0,0,0,0,0,1,0,1,0,1,0,0,0,0,0,1,0,1,0,1,1,0,0,1,0,0,0,0,1,0],[1,0,1,0,0,0,0,1,0,1,1,0,1,0,0,0,0,1,1,1,1,1,0,0,0,0,0,1,1,0,0],[1,1,0,0,1,0,0,0,0,1,0,1,0,0,0,0,1,0,0,1,0,0,1,1,1,0,0,0,0,0,0],[1,0,1,0,0,0,0,0,0,1,0,0,0,0,1,0,0,0,0,0,0,1,0,0,0,0,0,0,0,0,0],[0,0,0,1,1,0,1,1,1,1,1,0,1,0,1,1,0,0,0,0,0,1,1,0,0,0,0,0,0,0,0],[1,0,0,0,0,0,1,0,0,0,0,0,0,1,1,0,1,0,0,0,0,0,0,0,0,0,1,1,1,0,0],[1,1,1,1,0,0,0,1,0,1,0,0,0,0,0,0,0,1,0,1,0,0,0,1,1,0,1,0,0,0,1],[1,1,0,0,1,0,1,0,0,0,0,0,0,0,0,1,1,0,1,1,0,1,1,0,1,1,1,1,0,0,0],[0,0,1,0,0,1,0,1,0,0,0,1,0,0,0,1,0,0,1,1,1,0,0,0,0,0,0,1,0,0,0],[0,0,1,0,1,1,0,0,0,1,1,1,1,0,1,1,0,0,0,0,0,1,1,0,1,0,1,0,0,1,0],[1,0,1,1,0,1,0,0,0,0,0,0,0,0,0,1,0,1,1,1,1,0,1,0,0,1,0,1,1,0,0]]	192691800
[[0,0,0,0,0,0,0,1,0,1,0,1,1,1,1,1,0,0,0,0,1,0,0,0,1,0,0,0,0,0,0,0,1,0,0,1,1,0,1,0,0,1],[1,0,1,1,0,0,1,1,1,0,1,0,0,1,1,1,0,0,0,0,0,1,1,0,1,0,1,0,0,0,0,0,1,1,0,1,0,0,0,0,1,0],[1,0,0,0,0,0,0,0,0,0,0,0,0,1,0,0,0,1,0,1,0,1,0,0,0,0,1,1,0,1,1,1,0,0,1,0,1,0,1,0,1,1],[0,1,0,0,0,0,0,0,0,0,0,1,1,0,1,0,0,0,1,0,1,1,0,1,0,1,1,1,1,0,0,0,0,1,0,0,0,1,0,0,0,0],[0,1,0,0,1,1,1,1,0,0,0,1,0,0,0,1,1,0,0,0,0,1,0,0,0,0,0,0,0,0,1,0,0,0,0,0,0,0,0,1,0,0],[0,0,0,1,0,0,1,0,1,0,0,0,1,1,0,0,0,0,0,0,0,0,0,0,0,0,0,1,0,0,0,0,0,0,0,0,0,0,1,0,0,0],[0,0,0,0,0,0,1,0,0,1,0,1,0,0,0,0,0,0,0,0,1,0,1,1,1,0,0,1,1,1,1,0,1,0,0,1,0,0,0,0,1,1],[0,0,0,0,0,1,0,0,0,0,0,0,1,0,1,0,0,0,0,1,1,0,0,1,0,0,1,0,0,0,1,0,0,0,0,1,1,1,0,0,1,0],[0,0,1,0,0,1,0,0,0,0,0,0,0,0,0,0,0,1,0,1,0,1,0,0,1,1,0,0,1,1,0,0,0,0,1,0,0,0,1,0,1,0],[0,0,0,0,1,0,0,0,0,0,0,0,1,1,0,1,0,0,0,1,0,1,0,0,0,0,0,1,0,0,0,0,0,0,1,0,0,0,0,1,0,1],[0,0,0,0,1,0,0,0,0,0,0,1,1,0,1,1,0,0,0,0,0,1,0,1,0,0,1,1,0,1,0,0,1,0,0,0,1,0,1,0,0,0],[1,1,0,1,1,0,0,1,1,1,0,1,0,0,0,1,0,0,1,0,1,0,0,0,1,0,1,0,0,1,0,0,1,0,0,0,0,0,0,1,0,1],[1,0,0,1,0,1,0,0,1,0,0,0,0,0,1,0,1,0,0,0,0,0,0,1,1,0,0,1,1,0,0,0,1,0,0,1,1,0,0,1,0,1],[0,1,0,1,1,1,0,1,0,1,0,0,0,0,1,1,1,1,1,0,1,0,0,0,0,0,1,0,0,0,1,0,1,0,0,0,1,0,0,0,0,0],[0,1,0,0,0,0,0,0,0,0,0,0,0,0,0,0,0,0,0,0,0,0,0,0,0,1,1,1,0,0,0,0,1,0,0,0,0,1,1,0,0,0],[0,1,0,0,0,1,0,0,0,1,0,1,0,0,1,0,1,0,0,1,1,0,0,0,1,0,1,1,0,0,1,0,1,0,1,1,1,0,0,0,1,0],[1,0,0,1,0,0,0,0,1,0,0,0,0,1,0,1,0,0,0,0,1,1,0,0,0,0,0,1,0,0,0,0,0,0,0,0,0,0,0,0,0,0],[0,0,0,0,0,1,0,0,0,1,1,0,0,0,0,1,0,0,0,1,1,0,1,1,0,0,1,0,0,1,1,0,0,0,1,0,0,1,0,0,0,0],[0,1,1,1,0,0,0,1,0,0,1,0,0,0,0,0,1,1,0,0,1,0,1,0,0,1,0,0,0,0,0,1,0,1,0,1,0,0,0,0,0,0],[1,1,0,1,0,0,0,0,1,0,0,0,1,1,0,1,1,0,0,1,1,1,0,0,1,1,0,0,1,0,0,0,0,0,0,1,1,1,1,0,1,0],[1,1,0,1,0,0,1,1,0,1,0,0,0,0,0,0,0,0,0,1,0,1,0,0,0,0,1,0,0,1,0,1,0,0,0,1,0,0,0,0,0,0],[0,0,0,1,0,1,0,1,0,1,0,1,0,0,0,0,1,0,0,0,1,0,0,0,0,0,0,1,0,1,0,0,0,0,0,0,0,0,0,0,1,1],[0,0,0,1,0,0,1,0,1,0,0,1,1,0,0,0,0,1,0,0,0,1,0,0,0,1,0,0,1,0,0,1,0,0,0,1,1,0,0,0,1,0],[0,0,0,1,1,0,0,1,1,0,0,0,1,1,0,1,0,0,0,0,0,0,0,0,0,0,0,0,0,0,0,0,0,0,0,0,0,0,1,0,1,0],[0,1,0,1,1,0,0,1,1,1,0,0,0,0,0,0,1,0,1,0,0,0,0,0,0,0,0,1,0,0,0,1,0,1,1,0,0,0,1,1,0,0],[0,1,1,0,0,0,0,1,1,1,1,1,1,1,0,0,1,1,0,0,0,0,1,0,0,1,0,0,1,0,0,0,0,0,0,0,1,1,0,0,0,0],[0,0,0,0,1,0,1,0,1,0,0,1,0,0,1,0,0,0,0,1,0,1,0,0,1,0,0,0,0,0,1,1,1,0,0,0,1,0,0,0,0,1],[0,1,1,0,0,1,0,1,1,0,1,1,1,0,0,1,0,0,0,1,0,0,0,0,1,1,0,1,0,1,1,1,0,0,1,0,0,0,0,1,0,1],[1,1,0,1,0,1,0,1,1,0,1,0,1,0,1,1,0,0,1,0,0,1,0,1,0,1,1,0,1,0,0,0,1,0,0,0,0,0,0,0,1,1],[1,0,0,1,0,0,1,0,0,1,1,0,0,1,0,0,0,0,0,0,0,0,0,0,0,0,0,0,0,0,0,1,1,0,0,0,0,0,0,1,1,1],[0,0,1,0,0,1,1,1,0,0,0,1,1,0,1,0,0,1,0,0,1,1,1,0,0,0,1,0,1,0,0,0,0,1,0,0,0,1,1,0,0,0],[1,0,0,1,0,0,1,0,1,0,0,0,0,0,1,0,0,1,1,0,1,0,0,0,0,1,1,0,1,0,0,0,1,0,0,1,0,1,1,1,0,0],[0,0,0,0,0,0,1,0,0,0,1,0,0,0,0,0,0,1,0,0,0,1,1,0,1,1,0,0,0,0,0,1,0,0,0,0,0,0,0,0,0,0],[0,0,1,0,0,0,1,0,1,0,0,0,0,0,0,0,1,1,0,0,0,0,1,1,0,1,1,1,0,0,0,0,1,0,0,0,0,1,0,1,0,0],[0,0,0,0,0,0,0,1,1,0,0,0,0,0,0,0,1,0,1,0,0,1,0,0,0,1,0,0,0,1,0,1,1,0,0,1,1,0,1,0,0,1],[1,1,1,1,1,1,0,1,1,0,0,0,1,1,0,1,0,0,0,0,0,1,0,0,1,0,1,0,0,0,0,0,1,0,0,1,0,0,0,0,0,1],[0,0,1,0,0,1,1,0,1,0,0,0,1,0,0,0,0,0,0,0,0,0,1,0,1,0,1,0,0,0,0,0,0,0,1,0,0,1,0,0,1,1],[0,0,0,0,1,0,1,1,0,0,1,1,1,0,0,0,1,1,1,1,0,0,0,0,0,0,0,0,0,1,0,0,0,1,0,0,0,1,1,0,1,0],[1,1,1,0,0,0,1,0,0,0,0,0,1,0,0,0,1,0,1,0,1,1,1,1,1,0,0,0,0,0,1,0,0,0,0,0,0,0,1,0,1,1],[1,1,1,1,1,1,0,0,1,1,0,0,1,0,1,0,0,1,0,0,0,0,1,0,0,0,0,1,1,1,0,0,1,0,1,0,0,0,0,1,1,0],[0,0,0,1,0,0,1,1,1,1,0,1,0,0,1,0,0,0,0,1,0,0,0,0,0,0,1,0,0,1,0,0,0,1,0,0,0,1,1,0,1,0],[1,1,1,0,0,0,1,0,1,0,0,1,0,1,0,0,1,0,1,0,1,0,0,0,0,0,0,0,0,0,1,1,1,0,0,0,0,0,0,0,0,0],[0,1,0,0,1,1,1,1,0,0,0,1,1,0,0,0,0,0,0,1,1,0,0,0,1,1,1,0,0,0,1,1,0,0,1,0,0,1,0,0,1,0],[0,1,0,0,1,1,0,0,1,0,1,1,0,1,1,1,0,0,0,0,1,0,0,1,1,0,0,1,0,0,0,1,1,0,0,0,0,0,0,1,0,0],[1,1,0,0,1,0,0,1,0,0,0,0,0,0,1,1,0,0,0,0,1,0,0,1,0,1,0,0,1,0,1,0,1,0,0,0,0,1,0,0,0,0],[0,0,0,0,0,0,1,0,0,0,1,1,0,1,0,0,0,0,0,1,1,0,0,0,0,0,1,0,0,0,1,0,0,0,0,1,0,0,1,1,0,0],[1,0,0,0,0,0,0,1,0,0,1,0,0,0,0,0,0,1,0,1,0,1,1,0,0,0,0,0,0,0,0,0,1,1,1,0,0,0,0,0,0,0],[1,0,0,0,0,0,1,0,0,0,0,0,1,0,0,0,0,1,1,0,0,1,0,0,0,0,0,0,0,0,0,1,0,0,1,0,0,0,1,0,1,0],[1,0,0,0,0,0,1,0,0,0,1,0,0,1,0,0,0,1,0,0,1,0,0,1,0,1,0,1,0,1,0,0,0,0,0,0,1,1,1,0,0,0],[0,0,0,0,1,0,0,0,1,1,0,1,1,0,1,1,0,1,1,0,0,1,0,0,0,0,0,0,0,0,1,1,0,1,1,0,0,0,1,1,1,0]]	1632411392
[[0,0,0,0,0,0,0,0,0,0,0,0,0,0,0,0,0,0,0,0,0,0,0,0,0,0,0,0,0,0,0,0,0,0,0,0,0,0,0,0,0,0,0,0,0,0,0,0,0,0,0,0,0,0,0,0,0,0,0,0,0,0,0,0,0,0,0,0,0,0,0,0,0,0,0,0,0,0,0,0,0,0,0,0,0,0,0,0,0,0,0,0,0,0,0,0,0,0,0,0]]	1
[[0],[0],[0],[0],[0],[0],[0],[0],[0],[0],[0],[0],[0],[0],[0],[0],[0],[0],[0],[0],[0],[0],[0],[0],[0],[0],[0],[0],[0],[0],[0],[0],[0],[0],[0],[0],[0],[0],[0],[0],[0],[0],[0],[0],[0],[0],[0],[0],[0],[0],[0],[0],[0],[0],[0],[0],[0],[0],[0],[0],[0],[0],[0],[0],[0],[0],[0],[0],[0],[0],[0],[0],[0],[0],[0],[0],[0],[0],[0],[0],[0],[0],[0],[0],[0],[0],[0],[0],[0],[0],[0],[0],[0],[0],[0],[0],[0],[0],[0],[0]]	1
[[0,0,0,0,0,0,0,0,0,0,0,0,0,0,0,0,0,0,0,0,0,0,0,0,0,0,0,0,0,0,0,0,0,0,0,0,0,0,0,0,0,0,0,0,0,0,0,0,0,0,0,0,0,0,0,0,0,0,0,0,0,0,0,0,0,0,0,0,0,0,0,0,0,0,0,0,0,0,0,0,0,0,0,0,0,0,0,0,0,0,0,0,0,0,0,0,0,0,0,0],[0,0,0,0,0,0,0,0,0,0,0,0,0,0,0,0,0,0,0,0,0,0,0,0,0,0,0,0,0,0,0,0,0,0,0,0,0,0,0,0,0,0,0,0,0,0,0,0,0,0,0,0,0,0,0,0,0,0,0,0,0,0,0,0,0,0,0,0,0,0,0,0,0,0,0,0,0,0,0,0,0,0,0,0,0,0,0,0,0,0,0,0,0,0,0,0,0,0,0,0]]	100
[[0,0,0,0,0,0,0,0,0,0,0,0,0,0,0,0,0,0,0,0,0,0,0,0,0,0,0,0,0,0,0,0,0,0,0,0,0,0,0,0,0,0,0,0,0,0,0,0,0,0,0,0,0,0,1,0,0,0,0,0,0,0,0,0,0,0,0,0,0,0,0,0,0,0,0,0,0,0,0,0,0,0,0,0,0,0,0,0,0,0,0,0,0,0,0,0,0,0,0,0],[0,0,0,0,0,0,0,0,0,0,0,0,0,0,0,0,0,0,0,0,0,0,0,0,0,0,0,0,0,0,0,0,0,0,0,0,0,0,0,0,0,0,0,0,0,0,0,0,0,0,0,0,0,0,0,0,0,0,0,0,0,0,0,0,0,0,0,0,0,0,0,0,0,0,0,0,0,0,0,0,0,0,0,0,0,0,0,0,0,0,0,0,0,0,0,0,0,0,0,0]]	54
[[0,0,0],[0,0,0],[0,0,0],[0,0,0],[0,0,0],[0,0,0],[0,0,0],[0,0,0],[0,0,0],[0,0,0],[0,0,0],[0,0,0],[0,0,0],[0,0,0],[0,0,0],[0,0,0],[0,0,0],[0,0,0],[0,0,0],[0,0,0],[0,0,0],[0,0,0],[0,0,0],[0,0,0],[0,0,0],[0,0,0],[0,0,0],[0,0,0],[0,0,0],[0,0,0],[0,0,0],[0,0,0],[0,0,0],[0,0,0],[0,0,0],[0,0,0],[0,0,0],[0,0,0],[0,0,0],[0,0,0],[0,0,0],[0,0,0],[0,0,0],[0,0,0],[0,0,0],[0,0,0],[0,0,0],[0,0,0],[0,0,0],[0,0,0],[0,0,0],[0,0,0],[0,0,0],[0,0,0],[0,0,0],[0,0,0],[0,0,0],[0,0,0],[0,0,0],[0,0,0],[0,0,0],[0,0,0],[0,0,0],[0,0,0],[0,0,0],[0,0,0],[0,0,0],[0,0,0],[0,0,0],[0,0,0],[0,0,0],[0,0,0],[0,0,0],[0,0,0],[0,0,0],[0,0,0],[0,0,0],[0,0,0],[0,0,0],[0,0,0],[0,0,0],[0,0,0],[0,0,0],[0,0,0],[0,0,0],[0,0,0],[0,0,0],[0,0,0],[0,0,0],[0,0,0],[0,0,0],[0,0,0],[0,0,0],[0,0,0],[0,0,0],[0,0,0],[0,0,0],[0,0,0],[0,0,0],[0,0,0]]	5050
[[0,0,0],[0,0,0],[0,0,0],[0,0,0],[0,0,0],[0,0,0],[0,0,0],[0,0,0],[0,0,0],[0,0,0],[0,0,0],[0,0,0],[0,0,0],[0,0,0],[0,1,0],[0,0,0],[0,0,0],[0,0,0],[0,0,0],[0,0,0],[0,0,0],[0,0,0],[0,0,0],[0,0,0],[0,0,0],[0,0,0],[0,0,0],[0,0,0],[0,0,0],[0,0,0],[0,0,0],[0,0,0],[0,0,0],[0,0,0],[0,0,0],[0,0,0],[0,0,0],[0,0,0],[0,0,0],[0,0,0],[0,0,0],[0,0,0],[0,0,0],[0,0,0],[0,0,0],[0,0,0],[0,0,0],[0,0,0],[0,0,0],[0,0,0],[0,0,0],[0,0,0],[0,0,0],[0,0,0],[0,0,0],[0,0,0],[0,0,0],[0,0,0],[0,0,0],[0,0,0],[0,0,0],[0,0,0],[0,0,0],[0,0,0],[0,0,0],[0,0,0],[0,0,0],[0,0,0],[0,0,0],[0,0,0],[0,0,0],[0,0,0],[0,0,0],[0,0,0],[0,0,0],[0,0,0],[0,0,0],[0,0,0],[0,0,0],[0,0,0],[0,0,0],[0,0,0],[0,0,0],[0,0,0],[0,0,0],[0,0,0],[0,0,0],[0,0,0],[0,0,0],[0,0,0],[0,0,0],[0,0,0],[0,0,0],[0,0,0],[0,0,0],[0,0,0],[0,0,0],[0,0,0],[0,0,0],[0,0,0]]	3760
