[], []	{}
[-1], [-1]	{-1}
[1,2], [2,1]	{1,2}
[1,2], [1,2]	{1,#,2}
[1,2,3], [3,2,1]	{1,2,#,3}
[1,2,3], [2,1,3]	{1,2,3}
[1,2,3], [2,3,1]	{1,2,#,#,3}
[1,2,3], [1,2,3]	{1,#,2,#,3}
[1,2,3], [1,3,2]	{1,#,2,3}
[1,2,3,4], [1,2,3,4]	{1,#,2,#,3,#,4}
[1,2,4,3], [1,2,3,4]	{1,#,2,#,4,3}
[1,3,2,4], [1,2,3,4]	{1,#,3,2,4}
[1,4,2,3], [1,2,3,4]	{1,#,4,2,#,#,3}
[1,4,3,2], [1,2,3,4]	{1,#,4,3,#,2}
[2,1,3,4], [1,2,3,4]	{2,1,3,#,#,#,4}
[2,1,4,3], [1,2,3,4]	{2,1,4,#,#,3}
[3,1,2,4], [1,2,3,4]	{3,1,4,#,2}
[3,2,1,4], [1,2,3,4]	{3,2,4,1}
[4,1,2,3], [1,2,3,4]	{4,1,#,#,2,#,3}
[4,1,3,2], [1,2,3,4]	{4,1,#,#,3,2}
[4,2,1,3], [1,2,3,4]	{4,2,#,1,3}
[4,3,1,2], [1,2,3,4]	{4,3,#,1,#,#,2}
[4,3,2,1], [1,2,3,4]	{4,3,#,2,#,1}
[7,-10,-4,3,-1,2,-8,11], [-4,-10,3,-1,7,11,-8,2]	{7,-10,2,-4,3,-8,#,#,#,#,-1,11}
[1,2,3,4,5], [1,2,3,4,5]	{1,#,2,#,3,#,4,#,5}
[1,2,3,5,4], [1,2,3,4,5]	{1,#,2,#,3,#,5,4}
[1,2,4,3,5], [1,2,3,4,5]	{1,#,2,#,4,3,5}
[1,2,5,3,4], [1,2,3,4,5]	{1,#,2,#,5,3,#,#,4}
[1,2,5,4,3], [1,2,3,4,5]	{1,#,2,#,5,4,#,3}
[1,3,2,4,5], [1,2,3,4,5]	{1,#,3,2,4,#,#,#,5}
[1,3,2,5,4], [1,2,3,4,5]	{1,#,3,2,5,#,#,4}
[1,4,2,3,5], [1,2,3,4,5]	{1,#,4,2,5,#,3}
[1,4,3,2,5], [1,2,3,4,5]	{1,#,4,3,5,2}
[1,5,2,3,4], [1,2,3,4,5]	{1,#,5,2,#,#,3,#,4}
[1,5,2,4,3], [1,2,3,4,5]	{1,#,5,2,#,#,4,3}
[1,5,3,2,4], [1,2,3,4,5]	{1,#,5,3,#,2,4}
[1,5,4,2,3], [1,2,3,4,5]	{1,#,5,4,#,2,#,#,3}
[1,5,4,3,2], [1,2,3,4,5]	{1,#,5,4,#,3,#,2}
[2,1,3,4,5], [1,2,3,4,5]	{2,1,3,#,#,#,4,#,5}
[2,1,3,5,4], [1,2,3,4,5]	{2,1,3,#,#,#,5,4}
[2,1,4,3,5], [1,2,3,4,5]	{2,1,4,#,#,3,5}
[2,1,5,3,4], [1,2,3,4,5]	{2,1,5,#,#,3,#,#,4}
[2,1,5,4,3], [1,2,3,4,5]	{2,1,5,#,#,4,#,3}
[3,1,2,4,5], [1,2,3,4,5]	{3,1,4,#,2,#,5}
[3,1,2,5,4], [1,2,3,4,5]	{3,1,5,#,2,4}
[3,2,1,4,5], [1,2,3,4,5]	{3,2,4,1,#,#,5}
[3,2,1,5,4], [1,2,3,4,5]	{3,2,5,1,#,4}
[4,1,2,3,5], [1,2,3,4,5]	{4,1,5,#,2,#,#,#,3}
[4,1,3,2,5], [1,2,3,4,5]	{4,1,5,#,3,#,#,2}
[4,2,1,3,5], [1,2,3,4,5]	{4,2,5,1,3}
[4,3,1,2,5], [1,2,3,4,5]	{4,3,5,1,#,#,#,#,2}
[4,3,2,1,5], [1,2,3,4,5]	{4,3,5,2,#,#,#,1}
[5,1,2,3,4], [1,2,3,4,5]	{5,1,#,#,2,#,3,#,4}
[5,1,2,4,3], [1,2,3,4,5]	{5,1,#,#,2,#,4,3}
[5,1,3,2,4], [1,2,3,4,5]	{5,1,#,#,3,2,4}
[5,1,4,2,3], [1,2,3,4,5]	{5,1,#,#,4,2,#,#,3}
[5,1,4,3,2], [1,2,3,4,5]	{5,1,#,#,4,3,#,2}
[5,2,1,3,4], [1,2,3,4,5]	{5,2,#,1,3,#,#,#,4}
[5,2,1,4,3], [1,2,3,4,5]	{5,2,#,1,4,#,#,3}
[5,3,1,2,4], [1,2,3,4,5]	{5,3,#,1,4,#,2}
[5,3,2,1,4], [1,2,3,4,5]	{5,3,#,2,4,1}
[5,4,1,2,3], [1,2,3,4,5]	{5,4,#,1,#,#,2,#,3}
[5,4,1,3,2], [1,2,3,4,5]	{5,4,#,1,#,#,3,2}
[5,4,2,1,3], [1,2,3,4,5]	{5,4,#,2,#,1,3}
[5,4,3,1,2], [1,2,3,4,5]	{5,4,#,3,#,1,#,#,2}
[5,4,3,2,1], [1,2,3,4,5]	{5,4,#,3,#,2,#,1}
[1,2,3,4,5,6], [1,2,3,4,5,6]	{1,#,2,#,3,#,4,#,5,#,6}
[1,2,3,4,6,5], [1,2,3,4,5,6]	{1,#,2,#,3,#,4,#,6,5}
[1,2,3,5,4,6], [1,2,3,4,5,6]	{1,#,2,#,3,#,5,4,6}
[1,2,3,6,4,5], [1,2,3,4,5,6]	{1,#,2,#,3,#,6,4,#,#,5}
[1,2,3,6,5,4], [1,2,3,4,5,6]	{1,#,2,#,3,#,6,5,#,4}
[1,2,4,3,5,6], [1,2,3,4,5,6]	{1,#,2,#,4,3,5,#,#,#,6}
[1,2,4,3,6,5], [1,2,3,4,5,6]	{1,#,2,#,4,3,6,#,#,5}
[1,2,5,3,4,6], [1,2,3,4,5,6]	{1,#,2,#,5,3,6,#,4}
[1,2,5,4,3,6], [1,2,3,4,5,6]	{1,#,2,#,5,4,6,3}
[1,2,6,3,4,5], [1,2,3,4,5,6]	{1,#,2,#,6,3,#,#,4,#,5}
[1,2,6,3,5,4], [1,2,3,4,5,6]	{1,#,2,#,6,3,#,#,5,4}
[1,2,6,4,3,5], [1,2,3,4,5,6]	{1,#,2,#,6,4,#,3,5}
[1,2,6,5,3,4], [1,2,3,4,5,6]	{1,#,2,#,6,5,#,3,#,#,4}
[1,2,6,5,4,3], [1,2,3,4,5,6]	{1,#,2,#,6,5,#,4,#,3}
[1,3,2,4,5,6], [1,2,3,4,5,6]	{1,#,3,2,4,#,#,#,5,#,6}
[1,3,2,4,6,5], [1,2,3,4,5,6]	{1,#,3,2,4,#,#,#,6,5}
[1,3,2,5,4,6], [1,2,3,4,5,6]	{1,#,3,2,5,#,#,4,6}
[1,3,2,6,4,5], [1,2,3,4,5,6]	{1,#,3,2,6,#,#,4,#,#,5}
[1,3,2,6,5,4], [1,2,3,4,5,6]	{1,#,3,2,6,#,#,5,#,4}
[1,4,2,3,5,6], [1,2,3,4,5,6]	{1,#,4,2,5,#,3,#,6}
[1,4,2,3,6,5], [1,2,3,4,5,6]	{1,#,4,2,6,#,3,5}
[1,4,3,2,5,6], [1,2,3,4,5,6]	{1,#,4,3,5,2,#,#,6}
[1,4,3,2,6,5], [1,2,3,4,5,6]	{1,#,4,3,6,2,#,5}
[1,5,2,3,4,6], [1,2,3,4,5,6]	{1,#,5,2,6,#,3,#,#,#,4}
[1,5,2,4,3,6], [1,2,3,4,5,6]	{1,#,5,2,6,#,4,#,#,3}
[1,5,3,2,4,6], [1,2,3,4,5,6]	{1,#,5,3,6,2,4}
[1,5,4,2,3,6], [1,2,3,4,5,6]	{1,#,5,4,6,2,#,#,#,#,3}
[1,5,4,3,2,6], [1,2,3,4,5,6]	{1,#,5,4,6,3,#,#,#,2}
[1,6,2,3,4,5], [1,2,3,4,5,6]	{1,#,6,2,#,#,3,#,4,#,5}
[1,6,2,3,5,4], [1,2,3,4,5,6]	{1,#,6,2,#,#,3,#,5,4}
[1,6,2,4,3,5], [1,2,3,4,5,6]	{1,#,6,2,#,#,4,3,5}
[1,6,2,5,3,4], [1,2,3,4,5,6]	{1,#,6,2,#,#,5,3,#,#,4}
[1,6,2,5,4,3], [1,2,3,4,5,6]	{1,#,6,2,#,#,5,4,#,3}
[1,6,3,2,4,5], [1,2,3,4,5,6]	{1,#,6,3,#,2,4,#,#,#,5}
[1,6,3,2,5,4], [1,2,3,4,5,6]	{1,#,6,3,#,2,5,#,#,4}
[1,6,4,2,3,5], [1,2,3,4,5,6]	{1,#,6,4,#,2,5,#,3}
[1,6,4,3,2,5], [1,2,3,4,5,6]	{1,#,6,4,#,3,5,2}
[1,6,5,2,3,4], [1,2,3,4,5,6]	{1,#,6,5,#,2,#,#,3,#,4}
[1,6,5,2,4,3], [1,2,3,4,5,6]	{1,#,6,5,#,2,#,#,4,3}
[1,6,5,3,2,4], [1,2,3,4,5,6]	{1,#,6,5,#,3,#,2,4}
[1,6,5,4,2,3], [1,2,3,4,5,6]	{1,#,6,5,#,4,#,2,#,#,3}
[1,6,5,4,3,2], [1,2,3,4,5,6]	{1,#,6,5,#,4,#,3,#,2}
[2,1,3,4,5,6], [1,2,3,4,5,6]	{2,1,3,#,#,#,4,#,5,#,6}
[2,1,3,4,6,5], [1,2,3,4,5,6]	{2,1,3,#,#,#,4,#,6,5}
[2,1,3,5,4,6], [1,2,3,4,5,6]	{2,1,3,#,#,#,5,4,6}
[2,1,3,6,4,5], [1,2,3,4,5,6]	{2,1,3,#,#,#,6,4,#,#,5}
[2,1,3,6,5,4], [1,2,3,4,5,6]	{2,1,3,#,#,#,6,5,#,4}
[2,1,4,3,5,6], [1,2,3,4,5,6]	{2,1,4,#,#,3,5,#,#,#,6}
[2,1,4,3,6,5], [1,2,3,4,5,6]	{2,1,4,#,#,3,6,#,#,5}
[2,1,5,3,4,6], [1,2,3,4,5,6]	{2,1,5,#,#,3,6,#,4}
[2,1,5,4,3,6], [1,2,3,4,5,6]	{2,1,5,#,#,4,6,3}
[2,1,6,3,4,5], [1,2,3,4,5,6]	{2,1,6,#,#,3,#,#,4,#,5}
[2,1,6,3,5,4], [1,2,3,4,5,6]	{2,1,6,#,#,3,#,#,5,4}
[2,1,6,4,3,5], [1,2,3,4,5,6]	{2,1,6,#,#,4,#,3,5}
[2,1,6,5,3,4], [1,2,3,4,5,6]	{2,1,6,#,#,5,#,3,#,#,4}
[2,1,6,5,4,3], [1,2,3,4,5,6]	{2,1,6,#,#,5,#,4,#,3}
[3,1,2,4,5,6], [1,2,3,4,5,6]	{3,1,4,#,2,#,5,#,#,#,6}
[3,1,2,4,6,5], [1,2,3,4,5,6]	{3,1,4,#,2,#,6,#,#,5}
[3,1,2,5,4,6], [1,2,3,4,5,6]	{3,1,5,#,2,4,6}
[3,1,2,6,4,5], [1,2,3,4,5,6]	{3,1,6,#,2,4,#,#,#,#,5}
[3,1,2,6,5,4], [1,2,3,4,5,6]	{3,1,6,#,2,5,#,#,#,4}
[3,2,1,4,5,6], [1,2,3,4,5,6]	{3,2,4,1,#,#,5,#,#,#,6}
[3,2,1,4,6,5], [1,2,3,4,5,6]	{3,2,4,1,#,#,6,#,#,5}
[3,2,1,5,4,6], [1,2,3,4,5,6]	{3,2,5,1,#,4,6}
[3,2,1,6,4,5], [1,2,3,4,5,6]	{3,2,6,1,#,4,#,#,#,#,5}
[3,2,1,6,5,4], [1,2,3,4,5,6]	{3,2,6,1,#,5,#,#,#,4}
[4,1,2,3,5,6], [1,2,3,4,5,6]	{4,1,5,#,2,#,6,#,3}
[4,1,2,3,6,5], [1,2,3,4,5,6]	{4,1,6,#,2,5,#,#,3}
[4,1,3,2,5,6], [1,2,3,4,5,6]	{4,1,5,#,3,#,6,2}
[4,1,3,2,6,5], [1,2,3,4,5,6]	{4,1,6,#,3,5,#,2}
[4,2,1,3,5,6], [1,2,3,4,5,6]	{4,2,5,1,3,#,6}
[4,2,1,3,6,5], [1,2,3,4,5,6]	{4,2,6,1,3,5}
[4,3,1,2,5,6], [1,2,3,4,5,6]	{4,3,5,1,#,#,6,#,2}
[4,3,1,2,6,5], [1,2,3,4,5,6]	{4,3,6,1,#,5,#,#,2}
[4,3,2,1,5,6], [1,2,3,4,5,6]	{4,3,5,2,#,#,6,1}
[4,3,2,1,6,5], [1,2,3,4,5,6]	{4,3,6,2,#,5,#,1}
[5,1,2,3,4,6], [1,2,3,4,5,6]	{5,1,6,#,2,#,#,#,3,#,4}
[5,1,2,4,3,6], [1,2,3,4,5,6]	{5,1,6,#,2,#,#,#,4,3}
[5,1,3,2,4,6], [1,2,3,4,5,6]	{5,1,6,#,3,#,#,2,4}
[5,1,4,2,3,6], [1,2,3,4,5,6]	{5,1,6,#,4,#,#,2,#,#,3}
[5,1,4,3,2,6], [1,2,3,4,5,6]	{5,1,6,#,4,#,#,3,#,2}
[5,2,1,3,4,6], [1,2,3,4,5,6]	{5,2,6,1,3,#,#,#,#,#,4}
[5,2,1,4,3,6], [1,2,3,4,5,6]	{5,2,6,1,4,#,#,#,#,3}
[5,3,1,2,4,6], [1,2,3,4,5,6]	{5,3,6,1,4,#,#,#,2}
[5,3,2,1,4,6], [1,2,3,4,5,6]	{5,3,6,2,4,#,#,1}
[5,4,1,2,3,6], [1,2,3,4,5,6]	{5,4,6,1,#,#,#,#,2,#,3}
[5,4,1,3,2,6], [1,2,3,4,5,6]	{5,4,6,1,#,#,#,#,3,2}
[5,4,2,1,3,6], [1,2,3,4,5,6]	{5,4,6,2,#,#,#,1,3}
[5,4,3,1,2,6], [1,2,3,4,5,6]	{5,4,6,3,#,#,#,1,#,#,2}
[5,4,3,2,1,6], [1,2,3,4,5,6]	{5,4,6,3,#,#,#,2,#,1}
[6,1,2,3,4,5], [1,2,3,4,5,6]	{6,1,#,#,2,#,3,#,4,#,5}
[6,1,2,3,5,4], [1,2,3,4,5,6]	{6,1,#,#,2,#,3,#,5,4}
[6,1,2,4,3,5], [1,2,3,4,5,6]	{6,1,#,#,2,#,4,3,5}
[6,1,2,5,3,4], [1,2,3,4,5,6]	{6,1,#,#,2,#,5,3,#,#,4}
[6,1,2,5,4,3], [1,2,3,4,5,6]	{6,1,#,#,2,#,5,4,#,3}
[6,1,3,2,4,5], [1,2,3,4,5,6]	{6,1,#,#,3,2,4,#,#,#,5}
[6,1,3,2,5,4], [1,2,3,4,5,6]	{6,1,#,#,3,2,5,#,#,4}
[6,1,4,2,3,5], [1,2,3,4,5,6]	{6,1,#,#,4,2,5,#,3}
[6,1,4,3,2,5], [1,2,3,4,5,6]	{6,1,#,#,4,3,5,2}
[6,1,5,2,3,4], [1,2,3,4,5,6]	{6,1,#,#,5,2,#,#,3,#,4}
[6,1,5,2,4,3], [1,2,3,4,5,6]	{6,1,#,#,5,2,#,#,4,3}
[6,1,5,3,2,4], [1,2,3,4,5,6]	{6,1,#,#,5,3,#,2,4}
[6,1,5,4,2,3], [1,2,3,4,5,6]	{6,1,#,#,5,4,#,2,#,#,3}
[6,1,5,4,3,2], [1,2,3,4,5,6]	{6,1,#,#,5,4,#,3,#,2}
[6,2,1,3,4,5], [1,2,3,4,5,6]	{6,2,#,1,3,#,#,#,4,#,5}
[6,2,1,3,5,4], [1,2,3,4,5,6]	{6,2,#,1,3,#,#,#,5,4}
[6,2,1,4,3,5], [1,2,3,4,5,6]	{6,2,#,1,4,#,#,3,5}
[6,2,1,5,3,4], [1,2,3,4,5,6]	{6,2,#,1,5,#,#,3,#,#,4}
[6,2,1,5,4,3], [1,2,3,4,5,6]	{6,2,#,1,5,#,#,4,#,3}
[6,3,1,2,4,5], [1,2,3,4,5,6]	{6,3,#,1,4,#,2,#,5}
[6,3,1,2,5,4], [1,2,3,4,5,6]	{6,3,#,1,5,#,2,4}
[6,3,2,1,4,5], [1,2,3,4,5,6]	{6,3,#,2,4,1,#,#,5}
[6,3,2,1,5,4], [1,2,3,4,5,6]	{6,3,#,2,5,1,#,4}
[6,4,1,2,3,5], [1,2,3,4,5,6]	{6,4,#,1,5,#,2,#,#,#,3}
[6,4,1,3,2,5], [1,2,3,4,5,6]	{6,4,#,1,5,#,3,#,#,2}
[6,4,2,1,3,5], [1,2,3,4,5,6]	{6,4,#,2,5,1,3}
[6,4,3,1,2,5], [1,2,3,4,5,6]	{6,4,#,3,5,1,#,#,#,#,2}
[6,4,3,2,1,5], [1,2,3,4,5,6]	{6,4,#,3,5,2,#,#,#,1}
[6,5,1,2,3,4], [1,2,3,4,5,6]	{6,5,#,1,#,#,2,#,3,#,4}
[6,5,1,2,4,3], [1,2,3,4,5,6]	{6,5,#,1,#,#,2,#,4,3}
[6,5,1,3,2,4], [1,2,3,4,5,6]	{6,5,#,1,#,#,3,2,4}
[6,5,1,4,2,3], [1,2,3,4,5,6]	{6,5,#,1,#,#,4,2,#,#,3}
[6,5,1,4,3,2], [1,2,3,4,5,6]	{6,5,#,1,#,#,4,3,#,2}
[6,5,2,1,3,4], [1,2,3,4,5,6]	{6,5,#,2,#,1,3,#,#,#,4}
[6,5,2,1,4,3], [1,2,3,4,5,6]	{6,5,#,2,#,1,4,#,#,3}
[6,5,3,1,2,4], [1,2,3,4,5,6]	{6,5,#,3,#,1,4,#,2}
[6,5,3,2,1,4], [1,2,3,4,5,6]	{6,5,#,3,#,2,4,1}
[6,5,4,1,2,3], [1,2,3,4,5,6]	{6,5,#,4,#,1,#,#,2,#,3}
[6,5,4,1,3,2], [1,2,3,4,5,6]	{6,5,#,4,#,1,#,#,3,2}
[6,5,4,2,1,3], [1,2,3,4,5,6]	{6,5,#,4,#,2,#,1,3}
[6,5,4,3,1,2], [1,2,3,4,5,6]	{6,5,#,4,#,3,#,1,#,#,2}
[6,5,4,3,2,1], [1,2,3,4,5,6]	{6,5,#,4,#,3,#,2,#,1}
[-77,24,-74,84,93,28,83,6,95,58,59,66,22,-3,-66,-68,-22,3,-80,-79,-85,17,32,9,-88,-99,14,-60,13,-93,-63,91,82,21,26,-11,-32,-16,-100,-94,-31,-62,-89,49,-9,-8,87,-33,-81,80,0,69,-7,52,67,-5,-65,31,-30,37,-57,27,23,38,-28,7,-82,-42,11,-55,-36,-58,-24,89,56,73,41,18,-87,-70,4,-64,20,-52,-39,79,19,30,65,25,-71,-76,-1,62,-69,98,39,-25,-73,70,88,-17,-20,-75,55,34,57,81,-10,94,48,-35,5,-23,-44,40,-51,-61,-13,-86,63,71,-97,45,43,51,75,33,-34,92,47,-78,85,-26,97,-29,-92,-83,-59,74,96,68,77,16,-4,10,60,64,-21,-2,1,-91,86,46,76,-37,-19,-96,36,-98,29,-72,61,50,15,-95,-40,-43,-53,90,-15,-48,-27,-90,-54,72,-50,-49,-18,78,54,35,-38,99,44,-67,53,-12,-41,2,8,-14,-84,-56,-6,12,-45,42,-47,-46], [93,28,84,83,-74,59,58,66,-66,-3,-79,-80,3,-22,-68,22,-85,-99,14,-88,9,32,17,-60,95,-93,82,21,91,-63,26,13,-16,-32,-11,-100,6,-62,49,-89,-31,87,-8,69,0,80,-7,-81,-65,-5,67,-30,31,52,-33,37,-57,-9,7,-28,-42,-82,38,-55,11,23,-36,27,56,89,73,-24,41,-58,-70,-87,20,-64,-52,4,18,-94,19,30,-76,-1,-71,62,-69,25,-73,-25,70,39,88,98,-20,-17,65,55,-75,79,34,-39,48,94,-23,5,-44,-35,40,-10,-61,-51,-13,81,63,-97,71,-86,57,45,24,-34,85,97,-26,-78,-83,-92,74,-59,96,-29,68,47,77,92,10,-4,16,60,33,-21,1,86,76,46,-37,-91,-2,64,75,51,-19,-96,43,-98,29,61,-72,50,36,-95,-40,-43,15,90,-15,-53,-77,-54,-90,-49,-50,72,-27,35,54,-38,78,-67,44,53,99,-41,-12,-18,8,2,-48,-56,-84,-14,-45,12,42,-6,-46,-47]	{-77,24,-48,-74,43,-27,-14,84,6,51,36,-90,-18,-84,-6,93,83,95,-94,75,-19,-98,15,-54,72,78,2,-56,#,12,-47,#,28,#,#,58,13,-31,-39,33,#,#,-96,#,29,-95,-53,#,#,-50,#,54,99,8,#,#,#,-45,42,-46,#,#,#,59,66,-93,-11,-62,-9,79,57,-34,64,#,#,#,-72,#,-40,90,#,-49,#,35,-38,44,-12,#,#,#,#,#,#,#,#,#,#,#,22,#,-63,-32,-100,#,-89,-8,27,19,34,81,45,#,92,-21,#,61,50,#,-43,#,-15,#,#,#,#,#,#,-67,53,-41,#,-3,-85,91,26,-16,#,#,#,49,#,87,-33,23,-58,#,30,#,#,-10,-86,#,#,47,16,#,-2,#,#,#,#,#,#,#,#,#,#,#,#,#,#,-66,-68,#,17,82,#,#,#,#,#,#,#,#,#,-81,37,38,-36,-24,18,#,65,94,-51,63,#,-78,77,-4,60,1,#,#,#,-22,#,32,-60,#,21,80,52,#,-57,-28,11,#,#,89,41,-87,#,25,-75,48,-35,-61,-13,#,71,85,-29,#,#,10,#,#,#,#,-91,3,#,9,#,#,#,#,#,0,-7,67,#,#,#,7,-82,-55,#,56,73,#,#,-70,4,-71,98,55,#,#,#,5,40,#,#,#,#,-97,#,#,-26,-92,68,#,#,86,#,-80,#,-88,#,69,#,#,#,-5,31,#,#,-42,#,#,#,#,#,#,#,#,#,-64,#,-76,62,39,-17,#,#,-23,-44,#,#,#,#,97,#,-83,-59,#,#,#,46,-79,#,-99,#,#,#,-65,#,-30,#,#,#,20,-52,#,-1,#,-69,-25,88,-20,#,#,#,#,#,#,#,#,#,74,96,76,-37,#,#,#,14,#,#,#,#,#,#,#,#,#,#,#,#,-73,70}
[100,-69,-138,118,0,-121,248,-88,224,-2,-135,-60,1,7,293,40,-29,46,148,-62,-177,36,104,282,212,-200,288,130,272,113,-166,258,-187,266,206,-75,42,-96,-157,182,-43,-26,242,-50,66,-87,48,-86,52,71,3,208,-94,-85,-140,255,43,-122,-105,-144,264,205,222,230,111,199,-27,68,-145,225,268,149,228,-113,263,-24,15,56,275,23,-165,164,-22,78,-13,-170,-91,137,-6,160,162,262,-45,69,39,-77,-81,-33,-118,-4,-84,-51,296,172,276,54,-104,-189,-82,-74,-58,129,-66,90,-193,128,21,105,291,81,-90,-151,143,-156,45,259,-155,-107,-16,-179,147,80,184,117,58,-174,29,155,200,297,207,-171,-52,-71,-176,-114,234,107,82,278,175,298,77,196,209,-185,-32,-41,-103,-186,-117,204,265,-188,185,289,157,195,91,2,-162,-79,283,61,44,-192,-30,177,-10,-164,202,269,26,125,-70,-89,114,121,-139,246,-125,229,-167,-158,-169,-159,60,217,-93,96,189,-168,-150,159,193,-31,237,-130,99,-152,251,169,134,72,-142,-111,102,-14,231,-131,171,-198,20,-28,-163,-21,-100,103,-110,252,101,16,92,-124,140,-126,219,6,-101,-42,32,64,14,214,-132,166,-35,109,187,-8,-11,70,33,239,138,-44,25,-108,9,271,-116,106,-57,-67,299,-15,218,213,168,211,161,167,-133,238,95,97,-49,232,-183,49,-40,-3,11,-76,136,-97,-65,227,-68,79,93,-137,-46,76,158,108,126,-38,120,173,223,-1,-178,47,178,233,94,30,191,-112,197,5,-136,87,153,22,-37,176,201,-12,192,12,-36,142,41,-5,181,17,270,279,-17,-161,-73,51,-175,-18,74,-180,216,-95,-147,257,260,-127,-80,-172,194,295,13,150,122,-146,-181,247,53,-78,-98,119,-154,-128,144,-134,-106,-9,152,203,-195,-55,116,215,75,-92,-190,-25,-47,281,86,190,188,-72,285,-39,292,127,-194,-153,-7,156,57,284,-48,-141,274,38,18,110,84,37,261,88,154,-197,115,4,73,-148,-109,19,236,290,294,85,-53,-99,-19,250,63,50,-34,245,27,220,139,-63,83,151,-184,179,-64,253,67,34,-160,210,59,-115,-196,174,-102,28,186,-23,241,62,221,267,124,146,-199,286,112,256,135,183,243,65,254,31,8,-182,-119,145,-61,-173,10,131,89,-83,277,24,55,98,280,-20,35,249,-149,244,-59,165,-56,-143,-129,273,-123,-191,226,-120,133,198,235,180,141,132,170,-54,287,123,240,163], [-121,-88,248,0,224,118,293,40,7,1,148,46,-29,36,104,-177,-62,-60,-166,113,272,130,258,288,-187,206,-75,266,42,-200,182,-157,-43,242,-26,-96,-87,66,-50,48,-86,212,52,71,282,208,-94,-85,3,-140,-122,-105,-144,43,255,230,222,111,205,199,-27,264,-145,225,68,149,268,-135,263,56,275,15,23,-165,-24,-22,164,78,-113,-170,-6,137,160,262,162,-91,-13,69,-45,39,228,-33,-81,-118,-77,-2,-84,296,172,-51,276,-4,-104,-82,-58,-74,-189,129,-66,54,90,-138,128,105,21,81,291,-151,-90,-193,-156,-107,-155,147,184,117,58,80,-179,-174,-171,207,-176,-71,-52,-114,297,200,155,234,29,-16,107,278,82,259,175,45,77,196,209,298,-32,-103,-41,-185,-117,204,-186,265,185,-188,143,2,91,195,283,61,-79,44,-162,157,177,-164,-10,202,-30,269,26,-70,125,114,-89,-192,-125,246,229,-139,-167,121,-169,-159,60,-158,217,289,189,96,193,159,-31,-150,-130,99,237,-168,-152,-93,134,72,169,251,-111,102,-142,-69,20,-198,-28,171,-110,101,252,16,-124,92,103,-100,-21,-126,219,140,6,-163,-42,-101,32,-131,214,14,-132,64,109,187,-35,166,33,70,138,-44,239,25,9,-108,271,-11,-67,-57,106,299,-15,213,218,-116,-8,211,161,168,167,-133,231,-183,232,-49,49,97,-3,-76,136,11,-97,-40,-65,-68,227,79,95,93,238,-46,-137,126,108,158,76,-38,-14,-178,-1,178,47,94,233,223,30,197,-112,-136,5,191,87,22,153,173,-37,176,120,12,192,-12,142,41,-5,181,-36,201,270,279,17,-161,-17,100,-180,74,260,257,-147,-95,216,-80,-127,-18,295,122,-146,150,-181,247,53,13,-98,-78,194,-154,119,-128,-172,-9,152,203,-106,-55,-195,215,75,116,-25,-190,281,-47,-92,188,190,-72,-39,285,292,86,-134,127,144,-194,-175,156,57,284,-7,38,274,-141,-48,-153,110,84,18,4,115,-148,73,-197,19,-109,154,88,290,236,261,294,37,63,250,50,-19,245,27,-34,220,-99,139,-53,83,151,-184,179,-63,85,-64,67,253,51,210,-196,-115,59,-160,-102,174,28,186,-23,34,62,221,241,-199,146,124,267,286,112,-73,31,254,65,-182,8,243,-119,183,145,-61,135,89,-83,131,277,10,-173,98,55,-20,280,35,24,249,-149,244,256,-143,-56,165,226,-191,-123,133,-120,235,198,273,141,170,132,180,-54,-129,123,287,-59,240,163]	{100,-69,-73,-138,-14,51,256,118,-193,231,120,-175,34,135,-59,0,-2,128,143,-131,238,173,201,-18,-153,-160,241,183,-173,165,240,-121,224,-135,-4,#,21,-156,289,171,64,95,-137,223,-37,-12,17,74,-172,-7,18,210,174,62,267,243,145,10,24,-56,-129,#,163,#,248,#,#,-60,228,-84,54,105,291,#,45,157,-93,-198,-163,14,166,97,93,-46,76,-1,30,#,176,192,-36,270,-17,-180,216,194,144,156,-48,110,37,#,59,-102,28,#,221,124,286,65,-119,#,-61,131,#,55,249,-143,#,273,287,#,#,-88,#,1,282,-113,-77,#,-51,-104,90,#,#,81,-90,259,298,195,-192,96,251,20,-28,-21,-101,214,-132,-35,-8,-49,-40,#,#,#,#,158,-38,-178,47,#,191,#,#,12,#,142,#,#,279,-161,#,#,#,-95,-127,295,119,-134,-194,#,57,-141,#,#,84,261,85,-115,#,#,#,#,186,#,#,146,#,#,112,254,8,#,#,#,#,89,277,98,280,#,-149,#,#,-123,180,123,#,#,#,7,-29,212,3,263,-13,-81,#,296,276,#,-189,#,#,#,#,-151,#,-155,175,77,-185,91,-162,-30,121,189,-168,169,-142,#,#,#,#,-100,140,-42,32,#,#,#,#,109,#,-11,168,232,49,-3,-65,108,#,#,#,#,#,178,233,-112,87,#,#,#,41,#,#,#,#,-147,#,-80,#,#,13,-154,-128,-106,127,#,#,#,284,274,#,#,#,88,294,-53,-64,-196,#,#,-23,-199,#,#,#,31,#,-182,#,#,-83,#,#,#,#,-20,35,#,244,-191,-120,141,-54,#,#,293,#,46,-62,-200,52,208,-140,#,-24,-170,-45,-33,-118,#,172,#,#,-82,129,#,#,-107,-16,#,#,#,196,-32,-186,2,#,-79,#,177,269,-139,-158,#,#,-150,-152,134,#,-111,#,103,#,-126,6,#,#,#,#,#,187,70,-116,211,167,-183,#,#,#,#,11,#,227,126,#,#,#,94,#,197,5,#,153,#,-5,257,#,#,#,150,-78,#,#,#,#,-9,-195,#,#,#,#,38,#,154,236,#,#,-99,-63,#,253,#,#,#,#,#,#,#,#,#,#,#,#,#,#,#,#,#,#,226,#,133,198,#,132,#,#,#,40,148,#,-177,#,288,-96,#,71,#,-94,#,255,15,164,#,-91,69,39,#,#,#,#,#,#,#,-74,#,-66,#,#,-179,107,#,209,#,-41,-117,265,#,#,283,44,#,-10,#,26,246,-167,-169,217,159,237,#,#,#,72,#,102,-110,#,#,219,#,#,#,#,33,239,106,#,#,161,#,-133,#,#,-76,-97,-68,79,#,#,#,#,#,#,-136,#,22,#,#,181,260,#,122,-181,-98,#,#,152,-55,116,#,#,-197,#,290,#,-19,139,83,#,67,#,#,#,#,#,235,#,170,#,#,#,#,#,36,#,130,-187,-157,-50,#,#,#,-85,43,264,56,23,-22,78,137,#,#,#,#,#,-58,#,#,#,147,-174,#,82,#,#,-103,#,#,204,#,-188,#,61,#,#,-164,202,#,125,-125,229,#,#,#,-159,#,#,193,-31,-130,#,#,#,#,#,#,252,#,#,#,#,138,25,-57,299,#,#,#,#,#,136,#,#,#,#,#,#,#,#,#,#,#,#,#,#,#,-146,#,247,#,#,#,203,#,#,215,-92,115,-109,#,#,250,-34,#,#,#,151,#,#,#,#,#,#,#,104,272,258,#,266,182,-43,66,48,#,#,-122,#,205,68,#,275,#,-165,#,#,#,#,-6,160,#,#,#,80,#,29,278,#,#,#,#,#,185,#,#,#,#,#,#,#,-70,-89,#,#,#,#,#,60,#,#,#,#,#,99,101,16,#,-44,#,-108,-67,#,#,-15,#,#,#,#,#,53,#,#,#,75,-190,86,4,73,19,#,63,50,245,220,#,-184,#,#,113,#,#,#,206,42,#,#,#,-26,-87,#,#,-86,#,-105,222,199,-145,268,#,#,#,#,#,#,#,162,184,#,155,#,#,#,#,#,#,#,114,#,#,#,#,#,#,#,#,92,#,#,9,271,#,#,#,218,#,#,#,#,-25,-47,190,#,#,#,-148,#,#,#,#,#,#,#,#,27,#,#,#,179,-166,#,#,-75,#,#,242,#,#,#,#,#,#,-144,230,111,#,-27,#,225,149,#,262,#,#,117,200,234,#,#,-124,#,#,#,#,#,213,#,#,#,281,#,188,-72,#,#,#,#,#,#,#,#,#,#,#,#,#,#,#,#,#,#,#,#,#,#,#,#,#,#,#,58,297,#,#,#,#,#,#,#,#,#,#,#,#,285,#,#,207,#,-39,292,-171,-52,#,#,#,#,#,#,-71,-114,-176}
[-283,-1721,2839,185,-410,-814,-975,2144,1337,2616,1256,2325,2224,2098,1640,1513,1832,-192,729,422,-1158,733,411,-1513,2852,2828,-1555,2060,-1594,1429,30,123,-1940,-131,2308,1002,2407,-1666,146,744,-698,-246,1421,-1474,-1148,61,-1609,-964,-1779,1121,2810,-937,206,1573,902,1410,1401,1348,471,1807,1129,-1147,282,1189,2074,943,-809,1481,2629,2689,577,-1069,-557,-1002,-542,1647,2411,1201,-965,2633,-678,197,48,1528,-1230,2951,1291,-1477,2651,-1238,-1317,780,-385,965,321,41,-1092,1512,-1478,-1463,2553,1099,821,348,2097,2279,347,2860,1382,2493,-1845,-1421,-458,-1965,701,845,2678,1224,496,-1560,1907,-372,1407,-127,1949,-1552,2133,1813,-1030,-977,1366,-1579,1844,-1286,-1130,2475,1061,-1269,1307,795,-424,2814,2726,1118,-798,427,315,-1120,-1349,2811,673,-1089,791,-920,2136,-260,881,1269,-1447,-1797,-1356,-1729,-1375,2488,-1015,847,1963,-1602,1578,1623,2545,2789,2271,2625,-1009,1050,-59,1702,1104,-1103,-1035,-1104,-23,-1899,1988,-790,2722,2542,-586,-1633,-835,1391,-793,151,-762,-477,1901,2817,-1854,1447,-676,2935,2070,301,279,121,-1406,-1497,175,-1949,-600,1140,-1053,2729,2593,-1060,2315,-1171,1706,-966,-5,97,242,-1502,2687,1765,-1249,-1144,-1737,-1450,180,-450,2621,-1166,-1819,-258,-572,-1316,-1731,-521,1436,1409,1778,2518,-1934,-190,317,-1105,-1484,2704,2242,1965,-54,-908,1652,63,1196,2509,326,1746,1041,-1772,2719,1875,-1590,-539,-1696,446,-270,-217,-1117,-509,-1438,-247,-20,1563,1163,2227,2079,2219,1470,2396,-1086,1048,2580,-1538,557,-94,2209,-49,1486,1928,-1174,-1752,-870,695,2824,2266,2930,668,-820,-317,1160,-1754,-324,387,-1323,247,209,-1927,1412,2476,2473,992,2938,1383,-750,-1501,-911,-1220,-840,-663,522,1643,2032,1698,2261,1962,-634,-1559,-3,2880,2953,243,908,1692,2272,-1844,254,-1303,2920,1082,-1829,2265,1020,1554,-1485,1520,1888,-396,2300,942,1174,-1957,1326,-128,2304,1641,2591,-903,-1362,-1177,402,2234,1731,447,1506,-1761,2701,2204,-1840,783,2375,2425,155,2281,-708,27,2521,2249,679,-1079,1543,2078,973,-1490,-1979,-1577,501,-1156,825,-265,-1073,-376,-1759,-833,-675,-1203,-1540,-1828,104,616,-1195,2748,-1005,-1674,1997,1675,-752,1892,2917,2958,890,624,2979,1313,-523,491,1212,1103,2115,1454,2270,-207,-1397,-51,253,-1224,-1595,-779,933,-495,1569,1260,-145,244,-1140,-1253,1124,-1223,861,2435,1667,-162,-1234,1333,1315,-1176,-472,-955,-709,-666,-333,1084,-63,2968,-310,2065,-275,2263,-1,1230,832,-389,-1915,-1167,2600,1694,-1660,2619,-116,-894,952,-1800,2048,-1872,-272,-555,-580,2414,2464,-649,-1216,546,-1583,509,1162,1768,92,-1006,-1621,177,423,2202,2362,1328,1802,2409,1668,-707,-874,726,-507,-473,854,2573,2324,-1374,1987,1789,-517,-309,2029,1460,1435,191,228,-1473,2538,1959,2056,1161,2771,993,2180,-339,1088,-175,2139,-1186,2671,-1334,1669,2244,2991,-1353,2584,1780,130,-725,2705,512,2735,2492,-945,-37,-1981,-1407,274,-1572,-1742,-1565,-1801,1251,-1898,-736,1190,556,-1596,2005,227,-930,2026,-528,-939,2673,-944,-807,1156,1683,251,-1332,1418,-257,-277,-267,1115,2007,1927,-1206,-1906,179,-1175,1443,2086,1381,2443,-1391,-730,2821,1433,2495,-1159,-771,2003,2524,2832,2294,-425,-606,-973,-958,-1937,-1966,-1063,1991,-1172,-969,-830,1076,1208,1514,958,1551,1787,779,1336,1822,1626,-1471,629,-595,2883,-1301,811,-1953,-274,-1795,-538,1112,-857,-1547,-1708,1526,975,1368,1941,1234,2677,-808,-1755,-1676,916,2067,-1698,2797,-1529,2284,-294,936,-99,-1131,2335,-925,-1202,1570,603,-913,1448,-1193,-1817,-1128,2041,-788,330,-414,-1208,1262,2346,1564,2857,2200,-941,876,1489,2312,1745,2176,-1357,-828,2974,-562,-906,578,525,2543,1332,-922,-1619,1726,291,711,-1688,-362,1574,2496,-1016,1490,2353,154,691,-235,-1970,532,429,-1873,-292,652,1035,-1137,-35,2741,1289,-526,2368,1151,1011,-1082,1463,1908,1389,-58,2892,-120,648,1398,-1077,2413,2780,1455,1194,-740,-1837,619,1912,2550,1483,658,-485,2576,-1052,989,2001,-332,-804,153,2679,114,-32,125,-978,-1642,-1580,267,1590,1068,17,2513,1833,-202,2320,1058,2483,2647,-30,-1614,2482,-1020,1280,2891,2948,439,-1021,2554,2885,2457,-72,-405,2877,-1453,-1815,945,565,-950,1130,2363,-1630,-1843,1773,-795,-844,95,-409,-10,1075,1493,400,-644,2736,-188,656,2728,1636,1081,1093,-1990,560,2322,-91,1619,2474,-1853,-251,-1811,-1686,2415,409,2666,-1515,2511,1806,1193,2247,-1151,-577,2485,2016,1930,218,928,1252,2128,26,1223,2954,1525,2972,-1856,-1605,1231,-1542,2822,646,2220,-1597,2000,898,1247,531,-1901,-1418,2598,2867,-1551,1878,2472,-1071,256,-1116,-1218,2020,-972,529,838,351,-751,58,1191,-348,214,365,-209,2745,465,2165,-321,2754,1748,-723,-1027,2198,-492,-203,1764,363,-1102,2865,2743,1427,1468,582,2717,-1008,-1678,721,1865,-713,8,385,-358,526,2064,-604,-726,-306,370,-176,1202,2167,-48,-34,-1988,865,2059,644,2697,-873,-1663,801,1488,-334,2775,2975,-1973,160,-383,553,2366,1827,-264,-1348,1825,255,1956,-1209,1620,2623,-1992,2849,2547,2379,-1868,-1687,1801,-134,-1049,2929,-159,-1022,1441,1459,1531,-982,2177,1711,-359,265,-1285,-1534,2520,-742,-1354,618,2342,33,-377,-588,1107,-1446,-871,-960,-1292,2348,-8,-1363,-811,-1570,-1000,2206,-551,-1823,917,1090,442,2984,2909,-993,807,-347,-1863,1501,1686,-239,1742,-549,2868,-1351,1932,261,709], [-814,-410,-975,2144,185,1337,2839,2224,2325,2098,1640,1513,1256,-192,1832,729,2616,733,-1513,2852,411,-1158,2828,1429,123,30,-1940,-131,-1594,1002,2308,2407,2060,-1666,-698,744,146,-246,-1555,-1474,1421,422,-1148,-1721,1121,902,1573,206,1401,1410,1348,-937,1807,471,1129,2810,282,1189,-1147,-1779,2074,-964,943,2629,2689,1481,-809,-1609,-1002,-557,-1069,577,-542,61,1201,-965,2633,2411,-1477,2651,1291,2951,-1238,-1230,1528,780,-1317,-385,48,321,1512,-1092,41,-1478,1099,821,2553,348,2097,-1463,965,2279,197,2493,1382,2860,-1421,-1845,347,-458,-678,845,701,-1965,2678,1224,1647,-1560,-372,1907,-127,1407,496,-1552,1949,2133,-283,1366,-1579,1844,-977,-1286,-1130,1307,-1269,1061,795,2475,-1030,315,427,2811,-1349,-1120,673,-798,1118,-920,-260,881,1269,2136,-1447,-1797,791,-1356,-1729,-1089,2488,-1015,-1375,-1602,1963,847,2789,2271,2545,1623,1578,2726,1050,-59,1702,-1103,1104,-1009,1988,-1899,-23,-1104,-1035,-790,2722,2625,2542,-1633,-586,-835,1391,2814,-762,-477,151,2817,1901,-676,1447,-1854,301,2070,2935,-1949,-600,175,-1497,-1406,1140,-1053,121,2729,2593,-1060,279,-793,-1171,2315,1706,-424,-1502,-1249,1765,2687,-1144,-1737,180,-1450,242,-1166,2621,-1819,-450,97,-258,-5,1436,2518,1778,1409,-521,-190,-1934,-1731,-1316,2242,1965,-54,2704,-908,-1484,63,1196,1652,2509,-1105,326,317,1746,-572,-1772,2719,1875,1041,-1696,-270,446,-539,-1117,-217,-247,-1438,-20,-509,-1590,1470,2396,2219,2079,2227,1163,1563,-966,-1538,-94,557,2580,2209,1486,-49,-1174,1928,1048,-1086,695,-870,-1752,1813,-1754,387,-324,-1323,1160,247,-317,209,-1927,1412,-820,2938,1383,992,-1501,-750,2473,-840,-1220,-911,2476,-663,668,1643,2032,522,2261,1698,1962,2930,-3,-1559,-634,2953,2880,2272,-1844,1692,908,254,243,1082,2920,-1829,2265,-1303,2266,942,2300,1174,-1957,-396,-128,-903,-1362,2591,1641,2304,-1177,1326,2234,402,447,1506,1731,-1761,1888,2375,783,155,2425,-708,2281,27,-1840,2521,2249,679,2204,1543,973,2078,-1490,-1079,-1156,501,-1577,-265,-1073,825,-376,-1979,2701,-1759,1520,-833,-1485,-1828,616,2748,-1195,104,-1540,1997,-752,1675,-1674,890,-523,1313,491,2979,624,2958,2917,1212,1892,1103,2270,1454,2115,-1005,-1397,253,-51,-207,-779,-1595,-1224,933,-495,-1203,1260,1569,-1140,-1253,244,-145,1124,-1223,861,-675,-162,1667,-1234,2435,1315,1333,-1176,-472,1554,2968,-310,2065,2263,-275,1230,-1,-63,832,-1915,-389,1084,2600,-1167,-333,2619,-1660,-116,-894,1694,-1800,952,-1872,2048,-272,-666,-580,2464,546,-1216,-1583,509,-649,2414,1162,-555,92,-1006,1768,177,-1621,-709,2202,423,1668,-707,2409,1802,726,-874,-507,-473,1328,1789,1987,-1374,2324,2573,-517,854,-309,2029,1460,2362,228,191,-1473,1435,-955,993,2771,2180,1161,2671,-1186,-1334,2139,1669,-175,2244,1088,-1353,1780,2584,130,2991,-725,2705,-339,2735,512,-945,2492,-1981,-37,-1572,274,-1742,-1407,-1565,2056,-736,-1596,556,2005,227,1190,-930,2026,-1898,-528,2673,-939,1251,-807,-944,1683,1156,-1801,-257,1418,-267,-277,-1332,2007,1927,-1206,179,-1175,-1906,1115,2086,1443,1381,2443,251,-1391,1959,-771,2003,-1159,2495,1433,2294,2832,-425,-1937,-958,-1063,-1966,-973,-969,-1172,1991,-606,2524,1514,1551,958,1208,1787,779,1076,1822,1336,-1471,629,1626,-595,-1301,2883,-830,811,-1953,2821,-274,1112,-538,-857,-1795,-1547,975,1526,1368,1941,1234,-1708,-730,2677,-808,2538,2067,-1698,2797,916,936,-1131,-99,-294,2335,2284,1570,-1202,603,-913,-925,-1193,1448,-1817,-1529,-1676,-414,1262,-1208,330,2346,-788,2041,2857,1564,-1128,-941,2200,2312,1489,876,1745,-1755,2974,-562,-828,-1357,2543,1332,525,-922,578,-906,-1619,2176,1726,1020,-362,1574,-1688,1490,2353,-1016,2496,691,429,532,-1970,-1873,-292,-235,154,652,711,1289,-526,1011,1151,2368,-1082,2741,1908,1463,-35,1389,-58,-1137,2892,1035,-120,648,2780,2413,1455,-1077,1398,-1837,619,-740,2550,1912,1194,291,-485,658,2576,1483,2001,-332,-804,989,153,-1052,125,-32,-978,-1642,267,1590,-1580,114,17,2513,1068,2679,1833,-202,2824,1280,-1020,2482,2891,2948,439,-1021,2554,-1614,2457,-72,2885,2877,-1453,-1815,-405,-30,565,945,2363,1130,-1630,-1843,-950,1773,-795,95,-844,2647,-10,400,1493,-644,1075,656,-188,1081,1636,2728,-1990,560,2322,1093,2736,-91,-409,-251,-1853,-1686,-1811,2415,409,2474,2666,1619,1806,1193,2511,2247,-1515,2483,928,2128,1252,218,26,2954,1223,1930,1525,2016,2822,-1542,646,1231,2000,-1597,2220,-1605,-1901,531,1247,898,-1856,2972,2867,2598,-1418,1878,2472,-1551,-1071,2485,-577,-1116,256,-1218,-1151,351,-751,-348,1191,58,838,214,365,529,-972,2020,1058,1748,-723,2754,-1027,-321,-492,-203,2198,1764,2165,2865,-1102,363,1427,1468,2743,-1008,-1678,2717,1865,721,-713,8,582,-358,385,2064,-604,526,465,370,-306,-176,-726,1202,2167,-34,-48,2745,-873,2697,-1663,644,2059,865,-334,2775,1488,801,-1973,2975,-1988,-209,553,2366,-264,1827,-383,160,-1348,1956,2623,1620,-1209,-1992,2547,2849,255,-1868,1801,-1687,2379,-134,2929,-1049,1825,-1022,-159,2320,1459,1711,265,-359,-1285,2177,-982,-742,2520,-1534,-1354,2342,33,-377,-588,618,-1446,1107,-871,1531,-960,1441,2348,-1292,2206,-1000,-1570,-551,-1823,-811,917,-1363,2909,2984,-993,442,-347,-1863,807,1686,1501,-239,1090,1742,-8,2868,-549,-1351,709,261,1932]	{-283,-1721,1813,2839,61,-1030,2824,185,2616,-1609,1647,-977,-424,2266,2320,-410,1337,1256,422,-964,577,2411,496,1366,-1286,2814,-966,2930,1020,1058,1441,-814,-975,#,#,2325,1832,-1158,-1148,-1779,943,-1069,-542,1201,-678,-1560,1949,#,-1579,#,-1130,2726,-793,-5,-1086,668,-634,1554,291,2483,-209,1459,-1292,#,#,#,2144,2224,2098,-192,729,733,2828,#,#,1121,2074,#,-809,-557,#,#,#,#,-965,197,-1965,#,1907,-1552,2133,#,1844,#,2475,1118,2625,151,2315,97,-572,1048,-1752,-820,522,-1559,2880,-1485,-955,711,1483,2647,-1151,2745,160,#,1531,2348,-8,#,#,#,#,#,1640,#,#,#,#,#,411,#,-1555,#,2810,#,#,1481,#,-1002,#,#,2633,48,347,701,2678,-372,1407,#,#,#,#,#,#,1061,#,-798,-1089,-1009,2542,-762,1901,-1171,1706,242,-258,-1316,1041,2580,#,-870,#,-317,2476,1643,1698,-3,#,2953,243,1520,-675,-709,2538,-1688,1035,658,-1052,-30,-409,-577,2020,465,-1988,-383,-1348,-982,-960,#,#,-1363,-549,#,1513,-1513,#,2060,1421,-937,-1147,2629,#,#,#,#,#,1528,965,2860,-458,845,#,#,1224,#,#,-127,#,-1269,795,427,#,791,-1375,1050,-1035,#,-586,#,-477,2817,-1854,#,#,#,#,-1502,-450,#,#,-1731,317,-1772,-1590,-1538,2209,695,#,1160,209,2473,-663,#,2032,2261,1962,#,#,#,#,908,-1303,1888,-833,-1203,2435,-666,423,1959,-1755,-362,2496,-1137,-120,-485,2576,989,2679,-1614,945,-10,1619,2485,256,-972,#,2165,-726,865,#,553,#,#,1825,2177,-1534,#,#,-811,1090,2868,-1351,#,#,#,2852,-1594,-1666,-1474,#,206,471,282,#,#,2689,-1230,-1317,321,2279,1382,-1845,#,#,#,#,#,#,#,#,1307,#,#,#,315,-1120,-920,-1356,2488,847,#,-59,-1104,-790,-1633,-835,#,#,#,#,1447,2935,#,2687,2621,#,-521,#,-1105,1746,#,2719,-539,1563,#,557,#,-49,#,#,-1754,247,#,-1927,992,-911,#,#,#,#,#,#,#,#,1692,254,2920,#,-396,2701,#,#,-1540,1569,1667,1333,-333,-555,2202,2362,2056,-730,-1676,2176,#,1574,-1016,154,-35,2892,#,648,#,#,#,#,2001,153,114,1833,2482,2885,565,-950,#,1075,2474,-1515,2016,#,-1116,-1218,529,#,-321,363,-306,1202,2059,801,#,2366,255,-159,1711,#,2520,-1354,-1570,917,442,1742,#,#,#,1932,#,#,1429,2308,#,146,#,#,1573,1410,1807,1129,#,1189,#,#,2951,#,780,-385,#,41,#,#,2493,#,-1421,#,#,#,#,#,-1349,673,#,2136,#,-1729,#,-1015,1963,1578,#,1702,-23,#,#,2722,#,#,#,1391,-676,#,2070,279,1765,-1144,-1166,-1819,1436,-1934,-1484,326,#,#,#,1875,-1696,-217,1163,#,-94,#,1486,1928,#,-324,#,#,#,1412,2938,-750,-1220,#,2272,#,#,#,1082,-1829,2300,1326,2204,-1759,-1828,-1005,1260,-145,-162,-1234,1315,-1176,1084,1694,-580,1768,#,#,1328,1435,1161,-1801,2821,2677,916,-1128,-1357,1726,#,#,1490,#,691,652,2741,1389,#,#,#,1398,#,-332,#,#,-32,1068,#,-202,-1020,2891,2457,-405,#,#,1130,1773,1493,2736,-1853,2666,2511,#,1930,2972,#,#,#,#,838,#,2754,2198,-1102,2743,370,-176,#,2167,644,#,1488,2975,#,1827,1956,2379,-1022,#,#,-359,-742,#,#,618,-1000,-551,#,#,2984,807,#,#,261,#,#,30,1002,2407,744,-246,902,#,1401,1348,#,#,#,#,#,#,1291,-1238,#,#,#,#,-1092,-1478,#,#,#,#,2811,#,#,#,-260,-1447,#,#,#,#,-1602,#,1623,#,#,1104,-1899,#,#,#,#,#,#,#,301,#,121,#,-1249,#,#,-1737,#,#,#,#,#,1409,-190,#,2704,1652,#,#,#,#,#,446,-1117,-509,2227,#,#,#,#,#,-1174,#,387,-1323,#,#,#,1383,-1501,#,-840,#,#,-1844,#,#,#,2265,942,1174,-128,402,-1840,-1079,#,#,#,104,-1674,-207,#,#,244,1124,#,#,#,#,#,#,#,-472,-63,-1167,-1660,952,#,2414,92,-1621,1802,854,191,#,2771,-339,1251,251,1433,-274,#,-808,2067,-1529,2041,2200,-828,-906,#,#,#,2353,#,-235,#,#,1289,1463,#,-58,-1077,1194,#,-804,125,-978,17,#,#,#,1280,#,#,2948,#,-72,2877,#,2363,-1630,#,-795,400,-644,-188,-91,-251,-1811,#,#,1806,2247,218,1525,-1856,-1418,351,214,1748,-1027,-492,1764,2865,#,1427,582,#,#,#,#,#,-48,2697,#,-334,#,-1973,#,-264,#,#,-1209,-1868,-134,#,#,265,-1285,#,#,2342,1107,2206,#,#,-1823,2909,-993,-347,1501,709,#,123,-1940,#,#,#,#,-698,#,#,#,#,#,#,#,#,#,-1477,#,#,#,1512,#,#,-1463,#,#,#,881,#,-1797,#,#,2545,#,-1103,#,1988,#,#,#,-1406,2729,#,#,#,-1450,1778,#,#,#,2242,-908,63,2509,-270,#,#,#,-1438,#,2079,#,#,#,#,#,#,#,#,#,#,#,#,#,#,#,#,#,#,#,#,-1957,#,2304,2234,1731,783,2521,1543,-1979,616,#,1997,1892,-1397,-1224,-1140,#,#,-1223,#,#,2968,832,2600,#,2619,-116,-1800,2048,2464,1162,#,-1006,177,#,2409,-874,2573,-309,228,-1473,993,2180,1088,512,-1898,-944,-1332,-1391,2495,2524,#,-1795,#,#,#,-1698,2284,#,-788,1564,-941,876,2974,#,578,-1619,#,#,-1970,#,#,-526,1908,#,#,#,2413,#,-740,#,#,#,#,#,#,-1642,#,2513,#,#,#,439,#,#,#,-1453,#,#,#,-1843,#,-844,#,#,#,#,656,2728,#,#,#,#,-1686,2415,#,1193,#,#,928,26,#,#,-1605,#,2598,-1551,#,-751,#,365,#,-723,#,#,#,-203,#,#,#,#,#,1468,2717,385,-34,#,-873,-1663,#,2775,#,#,#,#,1620,-1992,#,-1687,#,-1049,#,#,#,#,#,33,-1446,-871,#,#,#,#,#,#,#,#,#,-1863,1686,-239,#,#,#,#,#,-131,#,#,#,2651,#,#,2553,#,#,1269,#,#,2789,#,#,#,#,#,-1497,1140,#,2593,180,#,2518,#,#,1965,#,#,#,1196,#,#,#,#,-247,-20,2219,#,#,#,1641,-1177,#,#,447,-1761,2375,2425,#,2249,#,2078,-1577,#,#,-1195,#,1675,2917,1103,#,-51,-1595,933,#,-1253,#,861,#,-310,#,-389,#,#,#,#,#,-894,#,#,-1872,-272,#,-649,#,#,#,#,#,#,1668,#,726,-507,2324,-517,#,2029,#,#,#,#,#,#,#,#,-175,2991,2735,2492,-736,-528,-807,1156,1418,1115,#,#,-1159,#,2832,-830,-538,-1547,#,2797,-294,-925,330,#,2857,#,#,#,1489,1745,#,-562,525,#,#,#,532,-1873,#,2368,#,#,2780,1455,-1837,1912,#,-1580,#,#,#,-1021,#,-1815,#,#,95,#,#,#,1636,1093,#,#,#,409,#,#,#,1252,#,1223,1231,898,2867,#,1878,-1071,#,58,#,#,#,#,#,#,#,#,-1008,721,-358,526,#,#,#,#,#,#,#,#,2623,#,#,2849,1801,#,2929,#,#,-377,#,#,#,#,#,#,#,#,#,#,#,#,#,#,1099,348,#,#,#,2271,175,#,#,-1053,#,-1060,#,#,#,#,#,-54,#,#,#,#,#,#,1470,#,2591,#,#,#,#,1506,#,#,#,#,155,2281,#,679,973,-1490,501,825,2748,#,-752,#,2958,1212,#,2115,253,#,-779,#,#,-495,#,#,#,#,#,2065,-1915,#,#,#,#,#,#,#,-1216,#,#,-707,#,#,#,-473,-1374,#,#,#,#,1460,2139,2244,-1353,-725,#,#,-945,-37,#,1190,#,-939,#,#,1683,#,-257,-277,2007,1443,-771,#,2294,-425,1076,811,1112,-857,#,-1708,#,#,936,2335,-1202,1448,-414,2346,#,#,2312,#,#,#,#,#,2543,-922,429,#,#,-292,1151,-1082,#,#,#,#,#,619,2550,#,267,#,#,2554,#,#,#,#,1081,#,-1990,#,#,#,2128,#,2954,#,-1542,2220,1247,#,#,#,#,2472,#,#,1191,#,#,-1678,1865,-713,#,#,2064,#,#,#,2547,#,#,#,#,#,#,-588,#,821,#,2097,#,#,-1949,#,#,#,#,#,#,#,#,2396,-903,#,#,#,#,#,-708,27,#,#,#,#,#,#,-1156,#,-265,-376,#,#,#,#,890,#,#,#,1454,#,#,#,#,#,#,#,#,-275,#,#,546,-1583,#,#,#,#,1987,#,#,#,-1186,1669,#,#,#,2584,#,2705,#,#,-1981,-1407,556,-930,2673,#,#,#,#,#,-267,#,#,1927,2086,1381,#,2003,#,#,#,-606,1208,1336,#,-1953,#,#,#,#,1526,#,#,-99,#,#,1570,603,-1193,-1817,#,-1208,#,#,#,#,#,1332,#,#,#,#,#,#,1011,#,#,#,#,#,#,#,#,1590,#,#,#,#,#,560,#,#,#,#,2822,646,-1597,#,531,#,#,#,-348,#,#,#,#,#,#,8,#,-604,#,#,#,#,#,#,#,#,#,-600,#,#,#,-1362,#,#,#,#,#,#,#,-1073,#,#,#,624,2270,#,2263,-1,#,#,#,509,1789,#,2671,-1334,#,#,1780,130,#,#,#,#,274,-1565,-1596,2005,#,2026,#,#,#,#,#,-1206,#,#,#,2443,#,#,-973,#,1514,1787,1822,1626,#,#,975,1368,-1131,#,#,#,#,-913,#,#,#,#,1262,#,#,#,#,#,#,#,#,2322,#,#,#,#,2000,#,-1901,#,#,#,#,#,#,#,#,#,#,#,#,#,2979,#,#,#,#,#,1230,#,#,#,#,#,#,#,#,#,#,#,#,#,-1572,-1742,#,#,#,#,#,227,#,#,#,-1906,#,#,-958,1991,#,958,#,779,#,#,-1471,-595,#,#,#,1941,#,#,#,#,#,#,#,#,#,#,#,#,1313,#,#,#,#,#,#,#,#,#,179,#,-1937,-1966,-1172,#,1551,#,#,#,#,629,#,2883,#,1234,-523,491,#,-1175,#,#,-1063,#,-969,#,#,#,#,#,-1301}
[-999,-998,-997,-996,-995,-994,-993,-992,-991,-990,-989,-988,-987,-986,-985,-984,-983,-982,-981,-980,-979,-978,-977,-976,-975,-974,-973,-972,-971,-970,-969,-968,-967,-966,-965,-964,-963,-962,-961,-960,-959,-958,-957,-956,-955,-954,-953,-952,-951,-950,-949,-948,-947,-946,-945,-944,-943,-942,-941,-940,-939,-938,-937,-936,-935,-934,-933,-932,-931,-930,-929,-928,-927,-926,-925,-924,-923,-922,-921,-920,-919,-918,-917,-916,-915,-914,-913,-912,-911,-910,-909,-908,-907,-906,-905,-904,-903,-902,-901,-900,-899,-898,-897,-896,-895,-894,-893,-892,-891,-890,-889,-888,-887,-886,-885,-884,-883,-882,-881,-880,-879,-878,-877,-876,-875,-874,-873,-872,-871,-870,-869,-868,-867,-866,-865,-864,-863,-862,-861,-860,-859,-858,-857,-856,-855,-854,-853,-852,-851,-850,-849,-848,-847,-846,-845,-844,-843,-842,-841,-840,-839,-838,-837,-836,-835,-834,-833,-832,-831,-830,-829,-828,-827,-826,-825,-824,-823,-822,-821,-820,-819,-818,-817,-816,-815,-814,-813,-812,-811,-810,-809,-808,-807,-806,-805,-804,-803,-802,-801,-800,-799,-798,-797,-796,-795,-794,-793,-792,-791,-790,-789,-788,-787,-786,-785,-784,-783,-782,-781,-780,-779,-778,-777,-776,-775,-774,-773,-772,-771,-770,-769,-768,-767,-766,-765,-764,-763,-762,-761,-760,-759,-758,-757,-756,-755,-754,-753,-752,-751,-750,-749,-748,-747,-746,-745,-744,-743,-742,-741,-740,-739,-738,-737,-736,-735,-734,-733,-732,-731,-730,-729,-728,-727,-726,-725,-724,-723,-722,-721,-720,-719,-718,-717,-716,-715,-714,-713,-712,-711,-710,-709,-708,-707,-706,-705,-704,-703,-702,-701,-700,-699,-698,-697,-696,-695,-694,-693,-692,-691,-690,-689,-688,-687,-686,-685,-684,-683,-682,-681,-680,-679,-678,-677,-676,-675,-674,-673,-672,-671,-670,-669,-668,-667,-666,-665,-664,-663,-662,-661,-660,-659,-658,-657,-656,-655,-654,-653,-652,-651,-650,-649,-648,-647,-646,-645,-644,-643,-642,-641,-640,-639,-638,-637,-636,-635,-634,-633,-632,-631,-630,-629,-628,-627,-626,-625,-624,-623,-622,-621,-620,-619,-618,-617,-616,-615,-614,-613,-612,-611,-610,-609,-608,-607,-606,-605,-604,-603,-602,-601,-600,-599,-598,-597,-596,-595,-594,-593,-592,-591,-590,-589,-588,-587,-586,-585,-584,-583,-582,-581,-580,-579,-578,-577,-576,-575,-574,-573,-572,-571,-570,-569,-568,-567,-566,-565,-564,-563,-562,-561,-560,-559,-558,-557,-556,-555,-554,-553,-552,-551,-550,-549,-548,-547,-546,-545,-544,-543,-542,-541,-540,-539,-538,-537,-536,-535,-534,-533,-532,-531,-530,-529,-528,-527,-526,-525,-524,-523,-522,-521,-520,-519,-518,-517,-516,-515,-514,-513,-512,-511,-510,-509,-508,-507,-506,-505,-504,-503,-502,-501,-500,-499,-498,-497,-496,-495,-494,-493,-492,-491,-490,-489,-488,-487,-486,-485,-484,-483,-482,-481,-480,-479,-478,-477,-476,-475,-474,-473,-472,-471,-470,-469,-468,-467,-466,-465,-464,-463,-462,-461,-460,-459,-458,-457,-456,-455,-454,-453,-452,-451,-450,-449,-448,-447,-446,-445,-444,-443,-442,-441,-440,-439,-438,-437,-436,-435,-434,-433,-432,-431,-430,-429,-428,-427,-426,-425,-424,-423,-422,-421,-420,-419,-418,-417,-416,-415,-414,-413,-412,-411,-410,-409,-408,-407,-406,-405,-404,-403,-402,-401,-400,-399,-398,-397,-396,-395,-394,-393,-392,-391,-390,-389,-388,-387,-386,-385,-384,-383,-382,-381,-380,-379,-378,-377,-376,-375,-374,-373,-372,-371,-370,-369,-368,-367,-366,-365,-364,-363,-362,-361,-360,-359,-358,-357,-356,-355,-354,-353,-352,-351,-350,-349,-348,-347,-346,-345,-344,-343,-342,-341,-340,-339,-338,-337,-336,-335,-334,-333,-332,-331,-330,-329,-328,-327,-326,-325,-324,-323,-322,-321,-320,-319,-318,-317,-316,-315,-314,-313,-312,-311,-310,-309,-308,-307,-306,-305,-304,-303,-302,-301,-300,-299,-298,-297,-296,-295,-294,-293,-292,-291,-290,-289,-288,-287,-286,-285,-284,-283,-282,-281,-280,-279,-278,-277,-276,-275,-274,-273,-272,-271,-270,-269,-268,-267,-266,-265,-264,-263,-262,-261,-260,-259,-258,-257,-256,-255,-254,-253,-252,-251,-250,-249,-248,-247,-246,-245,-244,-243,-242,-241,-240,-239,-238,-237,-236,-235,-234,-233,-232,-231,-230,-229,-228,-227,-226,-225,-224,-223,-222,-221,-220,-219,-218,-217,-216,-215,-214,-213,-212,-211,-210,-209,-208,-207,-206,-205,-204,-203,-202,-201,-200,-199,-198,-197,-196,-195,-194,-193,-192,-191,-190,-189,-188,-187,-186,-185,-184,-183,-182,-181,-180,-179,-178,-177,-176,-175,-174,-173,-172,-171,-170,-169,-168,-167,-166,-165,-164,-163,-162,-161,-160,-159,-158,-157,-156,-155,-154,-153,-152,-151,-150,-149,-148,-147,-146,-145,-144,-143,-142,-141,-140,-139,-138,-137,-136,-135,-134,-133,-132,-131,-130,-129,-128,-127,-126,-125,-124,-123,-122,-121,-120,-119,-118,-117,-116,-115,-114,-113,-112,-111,-110,-109,-108,-107,-106,-105,-104,-103,-102,-101,-100,-99,-98,-97,-96,-95,-94,-93,-92,-91,-90,-89,-88,-87,-86,-85,-84,-83,-82,-81,-80,-79,-78,-77,-76,-75,-74,-73,-72,-71,-70,-69,-68,-67,-66,-65,-64,-63,-62,-61,-60,-59,-58,-57,-56,-55,-54,-53,-52,-51,-50,-49,-48,-47,-46,-45,-44,-43,-42,-41,-40,-39,-38,-37,-36,-35,-34,-33,-32,-31,-30,-29,-28,-27,-26,-25,-24,-23,-22,-21,-20,-19,-18,-17,-16,-15,-14,-13,-12,-11,-10,-9,-8,-7,-6,-5,-4,-3,-2,-1,0,1,2,3,4,5,6,7,8,9,10,11,12,13,14,15,16,17,18,19,20,21,22,23,24,25,26,27,28,29,30,31,32,33,34,35,36,37,38,39,40,41,42,43,44,45,46,47,48,49,50,51,52,53,54,55,56,57,58,59,60,61,62,63,64,65,66,67,68,69,70,71,72,73,74,75,76,77,78,79,80,81,82,83,84,85,86,87,88,89,90,91,92,93,94,95,96,97,98,99,100,101,102,103,104,105,106,107,108,109,110,111,112,113,114,115,116,117,118,119,120,121,122,123,124,125,126,127,128,129,130,131,132,133,134,135,136,137,138,139,140,141,142,143,144,145,146,147,148,149,150,151,152,153,154,155,156,157,158,159,160,161,162,163,164,165,166,167,168,169,170,171,172,173,174,175,176,177,178,179,180,181,182,183,184,185,186,187,188,189,190,191,192,193,194,195,196,197,198,199,200,201,202,203,204,205,206,207,208,209,210,211,212,213,214,215,216,217,218,219,220,221,222,223,224,225,226,227,228,229,230,231,232,233,234,235,236,237,238,239,240,241,242,243,244,245,246,247,248,249,250,251,252,253,254,255,256,257,258,259,260,261,262,263,264,265,266,267,268,269,270,271,272,273,274,275,276,277,278,279,280,281,282,283,284,285,286,287,288,289,290,291,292,293,294,295,296,297,298,299,300,301,302,303,304,305,306,307,308,309,310,311,312,313,314,315,316,317,318,319,320,321,322,323,324,325,326,327,328,329,330,331,332,333,334,335,336,337,338,339,340,341,342,343,344,345,346,347,348,349,350,351,352,353,354,355,356,357,358,359,360,361,362,363,364,365,366,367,368,369,370,371,372,373,374,375,376,377,378,379,380,381,382,383,384,385,386,387,388,389,390,391,392,393,394,395,396,397,398,399,400,401,402,403,404,405,406,407,408,409,410,411,412,413,414,415,416,417,418,419,420,421,422,423,424,425,426,427,428,429,430,431,432,433,434,435,436,437,438,439,440,441,442,443,444,445,446,447,448,449,450,451,452,453,454,455,456,457,458,459,460,461,462,463,464,465,466,467,468,469,470,471,472,473,474,475,476,477,478,479,480,481,482,483,484,485,486,487,488,489,490,491,492,493,494,495,496,497,498,499,500,501,502,503,504,505,506,507,508,509,510,511,512,513,514,515,516,517,518,519,520,521,522,523,524,525,526,527,528,529,530,531,532,533,534,535,536,537,538,539,540,541,542,543,544,545,546,547,548,549,550,551,552,553,554,555,556,557,558,559,560,561,562,563,564,565,566,567,568,569,570,571,572,573,574,575,576,577,578,579,580,581,582,583,584,585,586,587,588,589,590,591,592,593,594,595,596,597,598,599,600,601,602,603,604,605,606,607,608,609,610,611,612,613,614,615,616,617,618,619,620,621,622,623,624,625,626,627,628,629,630,631,632,633,634,635,636,637,638,639,640,641,642,643,644,645,646,647,648,649,650,651,652,653,654,655,656,657,658,659,660,661,662,663,664,665,666,667,668,669,670,671,672,673,674,675,676,677,678,679,680,681,682,683,684,685,686,687,688,689,690,691,692,693,694,695,696,697,698,699,700,701,702,703,704,705,706,707,708,709,710,711,712,713,714,715,716,717,718,719,720,721,722,723,724,725,726,727,728,729,730,731,732,733,734,735,736,737,738,739,740,741,742,743,744,745,746,747,748,749,750,751,752,753,754,755,756,757,758,759,760,761,762,763,764,765,766,767,768,769,770,771,772,773,774,775,776,777,778,779,780,781,782,783,784,785,786,787,788,789,790,791,792,793,794,795,796,797,798,799,800,801,802,803,804,805,806,807,808,809,810,811,812,813,814,815,816,817,818,819,820,821,822,823,824,825,826,827,828,829,830,831,832,833,834,835,836,837,838,839,840,841,842,843,844,845,846,847,848,849,850,851,852,853,854,855,856,857,858,859,860,861,862,863,864,865,866,867,868,869,870,871,872,873,874,875,876,877,878,879,880,881,882,883,884,885,886,887,888,889,890,891,892,893,894,895,896,897,898,899,900,901,902,903,904,905,906,907,908,909,910,911,912,913,914,915,916,917,918,919,920,921,922,923,924,925,926,927,928,929,930,931,932,933,934,935,936,937,938,939,940,941,942,943,944,945,946,947,948,949,950,951,952,953,954,955,956,957,958,959,960,961,962,963,964,965,966,967,968,969,970,971,972,973,974,975,976,977,978,979,980,981,982,983,984,985,986,987,988,989,990,991,992,993,994,995,996,997,998,999,1000,1001,1002,1003,1004,1005,1006,1007,1008,1009,1010,1011,1012,1013,1014,1015,1016,1017,1018,1019,1020,1021,1022,1023,1024,1025,1026,1027,1028,1029,1030,1031,1032,1033,1034,1035,1036,1037,1038,1039,1040,1041,1042,1043,1044,1045,1046,1047,1048,1049,1050,1051,1052,1053,1054,1055,1056,1057,1058,1059,1060,1061,1062,1063,1064,1065,1066,1067,1068,1069,1070,1071,1072,1073,1074,1075,1076,1077,1078,1079,1080,1081,1082,1083,1084,1085,1086,1087,1088,1089,1090,1091,1092,1093,1094,1095,1096,1097,1098,1099,1100,1101,1102,1103,1104,1105,1106,1107,1108,1109,1110,1111,1112,1113,1114,1115,1116,1117,1118,1119,1120,1121,1122,1123,1124,1125,1126,1127,1128,1129,1130,1131,1132,1133,1134,1135,1136,1137,1138,1139,1140,1141,1142,1143,1144,1145,1146,1147,1148,1149,1150,1151,1152,1153,1154,1155,1156,1157,1158,1159,1160,1161,1162,1163,1164,1165,1166,1167,1168,1169,1170,1171,1172,1173,1174,1175,1176,1177,1178,1179,1180,1181,1182,1183,1184,1185,1186,1187,1188,1189,1190,1191,1192,1193,1194,1195,1196,1197,1198,1199,1200,1201,1202,1203,1204,1205,1206,1207,1208,1209,1210,1211,1212,1213,1214,1215,1216,1217,1218,1219,1220,1221,1222,1223,1224,1225,1226,1227,1228,1229,1230,1231,1232,1233,1234,1235,1236,1237,1238,1239,1240,1241,1242,1243,1244,1245,1246,1247,1248,1249,1250,1251,1252,1253,1254,1255,1256,1257,1258,1259,1260,1261,1262,1263,1264,1265,1266,1267,1268,1269,1270,1271,1272,1273,1274,1275,1276,1277,1278,1279,1280,1281,1282,1283,1284,1285,1286,1287,1288,1289,1290,1291,1292,1293,1294,1295,1296,1297,1298,1299,1300,1301,1302,1303,1304,1305,1306,1307,1308,1309,1310,1311,1312,1313,1314,1315,1316,1317,1318,1319,1320,1321,1322,1323,1324,1325,1326,1327,1328,1329,1330,1331,1332,1333,1334,1335,1336,1337,1338,1339,1340,1341,1342,1343,1344,1345,1346,1347,1348,1349,1350,1351,1352,1353,1354,1355,1356,1357,1358,1359,1360,1361,1362,1363,1364,1365,1366,1367,1368,1369,1370,1371,1372,1373,1374,1375,1376,1377,1378,1379,1380,1381,1382,1383,1384,1385,1386,1387,1388,1389,1390,1391,1392,1393,1394,1395,1396,1397,1398,1399,1400,1401,1402,1403,1404,1405,1406,1407,1408,1409,1410,1411,1412,1413,1414,1415,1416,1417,1418,1419,1420,1421,1422,1423,1424,1425,1426,1427,1428,1429,1430,1431,1432,1433,1434,1435,1436,1437,1438,1439,1440,1441,1442,1443,1444,1445,1446,1447,1448,1449,1450,1451,1452,1453,1454,1455,1456,1457,1458,1459,1460,1461,1462,1463,1464,1465,1466,1467,1468,1469,1470,1471,1472,1473,1474,1475,1476,1477,1478,1479,1480,1481,1482,1483,1484,1485,1486,1487,1488,1489,1490,1491,1492,1493,1494,1495,1496,1497,1498,1499,1500,1501,1502,1503,1504,1505,1506,1507,1508,1509,1510,1511,1512,1513,1514,1515,1516,1517,1518,1519,1520,1521,1522,1523,1524,1525,1526,1527,1528,1529,1530,1531,1532,1533,1534,1535,1536,1537,1538,1539,1540,1541,1542,1543,1544,1545,1546,1547,1548,1549,1550,1551,1552,1553,1554,1555,1556,1557,1558,1559,1560,1561,1562,1563,1564,1565,1566,1567,1568,1569,1570,1571,1572,1573,1574,1575,1576,1577,1578,1579,1580,1581,1582,1583,1584,1585,1586,1587,1588,1589,1590,1591,1592,1593,1594,1595,1596,1597,1598,1599,1600,1601,1602,1603,1604,1605,1606,1607,1608,1609,1610,1611,1612,1613,1614,1615,1616,1617,1618,1619,1620,1621,1622,1623,1624,1625,1626,1627,1628,1629,1630,1631,1632,1633,1634,1635,1636,1637,1638,1639,1640,1641,1642,1643,1644,1645,1646,1647,1648,1649,1650,1651,1652,1653,1654,1655,1656,1657,1658,1659,1660,1661,1662,1663,1664,1665,1666,1667,1668,1669,1670,1671,1672,1673,1674,1675,1676,1677,1678,1679,1680,1681,1682,1683,1684,1685,1686,1687,1688,1689,1690,1691,1692,1693,1694,1695,1696,1697,1698,1699,1700,1701,1702,1703,1704,1705,1706,1707,1708,1709,1710,1711,1712,1713,1714,1715,1716,1717,1718,1719,1720,1721,1722,1723,1724,1725,1726,1727,1728,1729,1730,1731,1732,1733,1734,1735,1736,1737,1738,1739,1740,1741,1742,1743,1744,1745,1746,1747,1748,1749,1750,1751,1752,1753,1754,1755,1756,1757,1758,1759,1760,1761,1762,1763,1764,1765,1766,1767,1768,1769,1770,1771,1772,1773,1774,1775,1776,1777,1778,1779,1780,1781,1782,1783,1784,1785,1786,1787,1788,1789,1790,1791,1792,1793,1794,1795,1796,1797,1798,1799,1800,1801,1802,1803,1804,1805,1806,1807,1808,1809,1810,1811,1812,1813,1814,1815,1816,1817,1818,1819,1820,1821,1822,1823,1824,1825,1826,1827,1828,1829,1830,1831,1832,1833,1834,1835,1836,1837,1838,1839,1840,1841,1842,1843,1844,1845,1846,1847,1848,1849,1850,1851,1852,1853,1854,1855,1856,1857,1858,1859,1860,1861,1862,1863,1864,1865,1866,1867,1868,1869,1870,1871,1872,1873,1874,1875,1876,1877,1878,1879,1880,1881,1882,1883,1884,1885,1886,1887,1888,1889,1890,1891,1892,1893,1894,1895,1896,1897,1898,1899,1900,1901,1902,1903,1904,1905,1906,1907,1908,1909,1910,1911,1912,1913,1914,1915,1916,1917,1918,1919,1920,1921,1922,1923,1924,1925,1926,1927,1928,1929,1930,1931,1932,1933,1934,1935,1936,1937,1938,1939,1940,1941,1942,1943,1944,1945,1946,1947,1948,1949,1950,1951,1952,1953,1954,1955,1956,1957,1958,1959,1960,1961,1962,1963,1964,1965,1966,1967,1968,1969,1970,1971,1972,1973,1974,1975,1976,1977,1978,1979,1980,1981,1982,1983,1984,1985,1986,1987,1988,1989,1990,1991,1992,1993,1994,1995,1996,1997,1998,1999,2000], [2000,1999,1998,1997,1996,1995,1994,1993,1992,1991,1990,1989,1988,1987,1986,1985,1984,1983,1982,1981,1980,1979,1978,1977,1976,1975,1974,1973,1972,1971,1970,1969,1968,1967,1966,1965,1964,1963,1962,1961,1960,1959,1958,1957,1956,1955,1954,1953,1952,1951,1950,1949,1948,1947,1946,1945,1944,1943,1942,1941,1940,1939,1938,1937,1936,1935,1934,1933,1932,1931,1930,1929,1928,1927,1926,1925,1924,1923,1922,1921,1920,1919,1918,1917,1916,1915,1914,1913,1912,1911,1910,1909,1908,1907,1906,1905,1904,1903,1902,1901,1900,1899,1898,1897,1896,1895,1894,1893,1892,1891,1890,1889,1888,1887,1886,1885,1884,1883,1882,1881,1880,1879,1878,1877,1876,1875,1874,1873,1872,1871,1870,1869,1868,1867,1866,1865,1864,1863,1862,1861,1860,1859,1858,1857,1856,1855,1854,1853,1852,1851,1850,1849,1848,1847,1846,1845,1844,1843,1842,1841,1840,1839,1838,1837,1836,1835,1834,1833,1832,1831,1830,1829,1828,1827,1826,1825,1824,1823,1822,1821,1820,1819,1818,1817,1816,1815,1814,1813,1812,1811,1810,1809,1808,1807,1806,1805,1804,1803,1802,1801,1800,1799,1798,1797,1796,1795,1794,1793,1792,1791,1790,1789,1788,1787,1786,1785,1784,1783,1782,1781,1780,1779,1778,1777,1776,1775,1774,1773,1772,1771,1770,1769,1768,1767,1766,1765,1764,1763,1762,1761,1760,1759,1758,1757,1756,1755,1754,1753,1752,1751,1750,1749,1748,1747,1746,1745,1744,1743,1742,1741,1740,1739,1738,1737,1736,1735,1734,1733,1732,1731,1730,1729,1728,1727,1726,1725,1724,1723,1722,1721,1720,1719,1718,1717,1716,1715,1714,1713,1712,1711,1710,1709,1708,1707,1706,1705,1704,1703,1702,1701,1700,1699,1698,1697,1696,1695,1694,1693,1692,1691,1690,1689,1688,1687,1686,1685,1684,1683,1682,1681,1680,1679,1678,1677,1676,1675,1674,1673,1672,1671,1670,1669,1668,1667,1666,1665,1664,1663,1662,1661,1660,1659,1658,1657,1656,1655,1654,1653,1652,1651,1650,1649,1648,1647,1646,1645,1644,1643,1642,1641,1640,1639,1638,1637,1636,1635,1634,1633,1632,1631,1630,1629,1628,1627,1626,1625,1624,1623,1622,1621,1620,1619,1618,1617,1616,1615,1614,1613,1612,1611,1610,1609,1608,1607,1606,1605,1604,1603,1602,1601,1600,1599,1598,1597,1596,1595,1594,1593,1592,1591,1590,1589,1588,1587,1586,1585,1584,1583,1582,1581,1580,1579,1578,1577,1576,1575,1574,1573,1572,1571,1570,1569,1568,1567,1566,1565,1564,1563,1562,1561,1560,1559,1558,1557,1556,1555,1554,1553,1552,1551,1550,1549,1548,1547,1546,1545,1544,1543,1542,1541,1540,1539,1538,1537,1536,1535,1534,1533,1532,1531,1530,1529,1528,1527,1526,1525,1524,1523,1522,1521,1520,1519,1518,1517,1516,1515,1514,1513,1512,1511,1510,1509,1508,1507,1506,1505,1504,1503,1502,1501,1500,1499,1498,1497,1496,1495,1494,1493,1492,1491,1490,1489,1488,1487,1486,1485,1484,1483,1482,1481,1480,1479,1478,1477,1476,1475,1474,1473,1472,1471,1470,1469,1468,1467,1466,1465,1464,1463,1462,1461,1460,1459,1458,1457,1456,1455,1454,1453,1452,1451,1450,1449,1448,1447,1446,1445,1444,1443,1442,1441,1440,1439,1438,1437,1436,1435,1434,1433,1432,1431,1430,1429,1428,1427,1426,1425,1424,1423,1422,1421,1420,1419,1418,1417,1416,1415,1414,1413,1412,1411,1410,1409,1408,1407,1406,1405,1404,1403,1402,1401,1400,1399,1398,1397,1396,1395,1394,1393,1392,1391,1390,1389,1388,1387,1386,1385,1384,1383,1382,1381,1380,1379,1378,1377,1376,1375,1374,1373,1372,1371,1370,1369,1368,1367,1366,1365,1364,1363,1362,1361,1360,1359,1358,1357,1356,1355,1354,1353,1352,1351,1350,1349,1348,1347,1346,1345,1344,1343,1342,1341,1340,1339,1338,1337,1336,1335,1334,1333,1332,1331,1330,1329,1328,1327,1326,1325,1324,1323,1322,1321,1320,1319,1318,1317,1316,1315,1314,1313,1312,1311,1310,1309,1308,1307,1306,1305,1304,1303,1302,1301,1300,1299,1298,1297,1296,1295,1294,1293,1292,1291,1290,1289,1288,1287,1286,1285,1284,1283,1282,1281,1280,1279,1278,1277,1276,1275,1274,1273,1272,1271,1270,1269,1268,1267,1266,1265,1264,1263,1262,1261,1260,1259,1258,1257,1256,1255,1254,1253,1252,1251,1250,1249,1248,1247,1246,1245,1244,1243,1242,1241,1240,1239,1238,1237,1236,1235,1234,1233,1232,1231,1230,1229,1228,1227,1226,1225,1224,1223,1222,1221,1220,1219,1218,1217,1216,1215,1214,1213,1212,1211,1210,1209,1208,1207,1206,1205,1204,1203,1202,1201,1200,1199,1198,1197,1196,1195,1194,1193,1192,1191,1190,1189,1188,1187,1186,1185,1184,1183,1182,1181,1180,1179,1178,1177,1176,1175,1174,1173,1172,1171,1170,1169,1168,1167,1166,1165,1164,1163,1162,1161,1160,1159,1158,1157,1156,1155,1154,1153,1152,1151,1150,1149,1148,1147,1146,1145,1144,1143,1142,1141,1140,1139,1138,1137,1136,1135,1134,1133,1132,1131,1130,1129,1128,1127,1126,1125,1124,1123,1122,1121,1120,1119,1118,1117,1116,1115,1114,1113,1112,1111,1110,1109,1108,1107,1106,1105,1104,1103,1102,1101,1100,1099,1098,1097,1096,1095,1094,1093,1092,1091,1090,1089,1088,1087,1086,1085,1084,1083,1082,1081,1080,1079,1078,1077,1076,1075,1074,1073,1072,1071,1070,1069,1068,1067,1066,1065,1064,1063,1062,1061,1060,1059,1058,1057,1056,1055,1054,1053,1052,1051,1050,1049,1048,1047,1046,1045,1044,1043,1042,1041,1040,1039,1038,1037,1036,1035,1034,1033,1032,1031,1030,1029,1028,1027,1026,1025,1024,1023,1022,1021,1020,1019,1018,1017,1016,1015,1014,1013,1012,1011,1010,1009,1008,1007,1006,1005,1004,1003,1002,1001,1000,999,998,997,996,995,994,993,992,991,990,989,988,987,986,985,984,983,982,981,980,979,978,977,976,975,974,973,972,971,970,969,968,967,966,965,964,963,962,961,960,959,958,957,956,955,954,953,952,951,950,949,948,947,946,945,944,943,942,941,940,939,938,937,936,935,934,933,932,931,930,929,928,927,926,925,924,923,922,921,920,919,918,917,916,915,914,913,912,911,910,909,908,907,906,905,904,903,902,901,900,899,898,897,896,895,894,893,892,891,890,889,888,887,886,885,884,883,882,881,880,879,878,877,876,875,874,873,872,871,870,869,868,867,866,865,864,863,862,861,860,859,858,857,856,855,854,853,852,851,850,849,848,847,846,845,844,843,842,841,840,839,838,837,836,835,834,833,832,831,830,829,828,827,826,825,824,823,822,821,820,819,818,817,816,815,814,813,812,811,810,809,808,807,806,805,804,803,802,801,800,799,798,797,796,795,794,793,792,791,790,789,788,787,786,785,784,783,782,781,780,779,778,777,776,775,774,773,772,771,770,769,768,767,766,765,764,763,762,761,760,759,758,757,756,755,754,753,752,751,750,749,748,747,746,745,744,743,742,741,740,739,738,737,736,735,734,733,732,731,730,729,728,727,726,725,724,723,722,721,720,719,718,717,716,715,714,713,712,711,710,709,708,707,706,705,704,703,702,701,700,699,698,697,696,695,694,693,692,691,690,689,688,687,686,685,684,683,682,681,680,679,678,677,676,675,674,673,672,671,670,669,668,667,666,665,664,663,662,661,660,659,658,657,656,655,654,653,652,651,650,649,648,647,646,645,644,643,642,641,640,639,638,637,636,635,634,633,632,631,630,629,628,627,626,625,624,623,622,621,620,619,618,617,616,615,614,613,612,611,610,609,608,607,606,605,604,603,602,601,600,599,598,597,596,595,594,593,592,591,590,589,588,587,586,585,584,583,582,581,580,579,578,577,576,575,574,573,572,571,570,569,568,567,566,565,564,563,562,561,560,559,558,557,556,555,554,553,552,551,550,549,548,547,546,545,544,543,542,541,540,539,538,537,536,535,534,533,532,531,530,529,528,527,526,525,524,523,522,521,520,519,518,517,516,515,514,513,512,511,510,509,508,507,506,505,504,503,502,501,500,499,498,497,496,495,494,493,492,491,490,489,488,487,486,485,484,483,482,481,480,479,478,477,476,475,474,473,472,471,470,469,468,467,466,465,464,463,462,461,460,459,458,457,456,455,454,453,452,451,450,449,448,447,446,445,444,443,442,441,440,439,438,437,436,435,434,433,432,431,430,429,428,427,426,425,424,423,422,421,420,419,418,417,416,415,414,413,412,411,410,409,408,407,406,405,404,403,402,401,400,399,398,397,396,395,394,393,392,391,390,389,388,387,386,385,384,383,382,381,380,379,378,377,376,375,374,373,372,371,370,369,368,367,366,365,364,363,362,361,360,359,358,357,356,355,354,353,352,351,350,349,348,347,346,345,344,343,342,341,340,339,338,337,336,335,334,333,332,331,330,329,328,327,326,325,324,323,322,321,320,319,318,317,316,315,314,313,312,311,310,309,308,307,306,305,304,303,302,301,300,299,298,297,296,295,294,293,292,291,290,289,288,287,286,285,284,283,282,281,280,279,278,277,276,275,274,273,272,271,270,269,268,267,266,265,264,263,262,261,260,259,258,257,256,255,254,253,252,251,250,249,248,247,246,245,244,243,242,241,240,239,238,237,236,235,234,233,232,231,230,229,228,227,226,225,224,223,222,221,220,219,218,217,216,215,214,213,212,211,210,209,208,207,206,205,204,203,202,201,200,199,198,197,196,195,194,193,192,191,190,189,188,187,186,185,184,183,182,181,180,179,178,177,176,175,174,173,172,171,170,169,168,167,166,165,164,163,162,161,160,159,158,157,156,155,154,153,152,151,150,149,148,147,146,145,144,143,142,141,140,139,138,137,136,135,134,133,132,131,130,129,128,127,126,125,124,123,122,121,120,119,118,117,116,115,114,113,112,111,110,109,108,107,106,105,104,103,102,101,100,99,98,97,96,95,94,93,92,91,90,89,88,87,86,85,84,83,82,81,80,79,78,77,76,75,74,73,72,71,70,69,68,67,66,65,64,63,62,61,60,59,58,57,56,55,54,53,52,51,50,49,48,47,46,45,44,43,42,41,40,39,38,37,36,35,34,33,32,31,30,29,28,27,26,25,24,23,22,21,20,19,18,17,16,15,14,13,12,11,10,9,8,7,6,5,4,3,2,1,0,-1,-2,-3,-4,-5,-6,-7,-8,-9,-10,-11,-12,-13,-14,-15,-16,-17,-18,-19,-20,-21,-22,-23,-24,-25,-26,-27,-28,-29,-30,-31,-32,-33,-34,-35,-36,-37,-38,-39,-40,-41,-42,-43,-44,-45,-46,-47,-48,-49,-50,-51,-52,-53,-54,-55,-56,-57,-58,-59,-60,-61,-62,-63,-64,-65,-66,-67,-68,-69,-70,-71,-72,-73,-74,-75,-76,-77,-78,-79,-80,-81,-82,-83,-84,-85,-86,-87,-88,-89,-90,-91,-92,-93,-94,-95,-96,-97,-98,-99,-100,-101,-102,-103,-104,-105,-106,-107,-108,-109,-110,-111,-112,-113,-114,-115,-116,-117,-118,-119,-120,-121,-122,-123,-124,-125,-126,-127,-128,-129,-130,-131,-132,-133,-134,-135,-136,-137,-138,-139,-140,-141,-142,-143,-144,-145,-146,-147,-148,-149,-150,-151,-152,-153,-154,-155,-156,-157,-158,-159,-160,-161,-162,-163,-164,-165,-166,-167,-168,-169,-170,-171,-172,-173,-174,-175,-176,-177,-178,-179,-180,-181,-182,-183,-184,-185,-186,-187,-188,-189,-190,-191,-192,-193,-194,-195,-196,-197,-198,-199,-200,-201,-202,-203,-204,-205,-206,-207,-208,-209,-210,-211,-212,-213,-214,-215,-216,-217,-218,-219,-220,-221,-222,-223,-224,-225,-226,-227,-228,-229,-230,-231,-232,-233,-234,-235,-236,-237,-238,-239,-240,-241,-242,-243,-244,-245,-246,-247,-248,-249,-250,-251,-252,-253,-254,-255,-256,-257,-258,-259,-260,-261,-262,-263,-264,-265,-266,-267,-268,-269,-270,-271,-272,-273,-274,-275,-276,-277,-278,-279,-280,-281,-282,-283,-284,-285,-286,-287,-288,-289,-290,-291,-292,-293,-294,-295,-296,-297,-298,-299,-300,-301,-302,-303,-304,-305,-306,-307,-308,-309,-310,-311,-312,-313,-314,-315,-316,-317,-318,-319,-320,-321,-322,-323,-324,-325,-326,-327,-328,-329,-330,-331,-332,-333,-334,-335,-336,-337,-338,-339,-340,-341,-342,-343,-344,-345,-346,-347,-348,-349,-350,-351,-352,-353,-354,-355,-356,-357,-358,-359,-360,-361,-362,-363,-364,-365,-366,-367,-368,-369,-370,-371,-372,-373,-374,-375,-376,-377,-378,-379,-380,-381,-382,-383,-384,-385,-386,-387,-388,-389,-390,-391,-392,-393,-394,-395,-396,-397,-398,-399,-400,-401,-402,-403,-404,-405,-406,-407,-408,-409,-410,-411,-412,-413,-414,-415,-416,-417,-418,-419,-420,-421,-422,-423,-424,-425,-426,-427,-428,-429,-430,-431,-432,-433,-434,-435,-436,-437,-438,-439,-440,-441,-442,-443,-444,-445,-446,-447,-448,-449,-450,-451,-452,-453,-454,-455,-456,-457,-458,-459,-460,-461,-462,-463,-464,-465,-466,-467,-468,-469,-470,-471,-472,-473,-474,-475,-476,-477,-478,-479,-480,-481,-482,-483,-484,-485,-486,-487,-488,-489,-490,-491,-492,-493,-494,-495,-496,-497,-498,-499,-500,-501,-502,-503,-504,-505,-506,-507,-508,-509,-510,-511,-512,-513,-514,-515,-516,-517,-518,-519,-520,-521,-522,-523,-524,-525,-526,-527,-528,-529,-530,-531,-532,-533,-534,-535,-536,-537,-538,-539,-540,-541,-542,-543,-544,-545,-546,-547,-548,-549,-550,-551,-552,-553,-554,-555,-556,-557,-558,-559,-560,-561,-562,-563,-564,-565,-566,-567,-568,-569,-570,-571,-572,-573,-574,-575,-576,-577,-578,-579,-580,-581,-582,-583,-584,-585,-586,-587,-588,-589,-590,-591,-592,-593,-594,-595,-596,-597,-598,-599,-600,-601,-602,-603,-604,-605,-606,-607,-608,-609,-610,-611,-612,-613,-614,-615,-616,-617,-618,-619,-620,-621,-622,-623,-624,-625,-626,-627,-628,-629,-630,-631,-632,-633,-634,-635,-636,-637,-638,-639,-640,-641,-642,-643,-644,-645,-646,-647,-648,-649,-650,-651,-652,-653,-654,-655,-656,-657,-658,-659,-660,-661,-662,-663,-664,-665,-666,-667,-668,-669,-670,-671,-672,-673,-674,-675,-676,-677,-678,-679,-680,-681,-682,-683,-684,-685,-686,-687,-688,-689,-690,-691,-692,-693,-694,-695,-696,-697,-698,-699,-700,-701,-702,-703,-704,-705,-706,-707,-708,-709,-710,-711,-712,-713,-714,-715,-716,-717,-718,-719,-720,-721,-722,-723,-724,-725,-726,-727,-728,-729,-730,-731,-732,-733,-734,-735,-736,-737,-738,-739,-740,-741,-742,-743,-744,-745,-746,-747,-748,-749,-750,-751,-752,-753,-754,-755,-756,-757,-758,-759,-760,-761,-762,-763,-764,-765,-766,-767,-768,-769,-770,-771,-772,-773,-774,-775,-776,-777,-778,-779,-780,-781,-782,-783,-784,-785,-786,-787,-788,-789,-790,-791,-792,-793,-794,-795,-796,-797,-798,-799,-800,-801,-802,-803,-804,-805,-806,-807,-808,-809,-810,-811,-812,-813,-814,-815,-816,-817,-818,-819,-820,-821,-822,-823,-824,-825,-826,-827,-828,-829,-830,-831,-832,-833,-834,-835,-836,-837,-838,-839,-840,-841,-842,-843,-844,-845,-846,-847,-848,-849,-850,-851,-852,-853,-854,-855,-856,-857,-858,-859,-860,-861,-862,-863,-864,-865,-866,-867,-868,-869,-870,-871,-872,-873,-874,-875,-876,-877,-878,-879,-880,-881,-882,-883,-884,-885,-886,-887,-888,-889,-890,-891,-892,-893,-894,-895,-896,-897,-898,-899,-900,-901,-902,-903,-904,-905,-906,-907,-908,-909,-910,-911,-912,-913,-914,-915,-916,-917,-918,-919,-920,-921,-922,-923,-924,-925,-926,-927,-928,-929,-930,-931,-932,-933,-934,-935,-936,-937,-938,-939,-940,-941,-942,-943,-944,-945,-946,-947,-948,-949,-950,-951,-952,-953,-954,-955,-956,-957,-958,-959,-960,-961,-962,-963,-964,-965,-966,-967,-968,-969,-970,-971,-972,-973,-974,-975,-976,-977,-978,-979,-980,-981,-982,-983,-984,-985,-986,-987,-988,-989,-990,-991,-992,-993,-994,-995,-996,-997,-998,-999]	{-999,-998,#,-997,#,-996,#,-995,#,-994,#,-993,#,-992,#,-991,#,-990,#,-989,#,-988,#,-987,#,-986,#,-985,#,-984,#,-983,#,-982,#,-981,#,-980,#,-979,#,-978,#,-977,#,-976,#,-975,#,-974,#,-973,#,-972,#,-971,#,-970,#,-969,#,-968,#,-967,#,-966,#,-965,#,-964,#,-963,#,-962,#,-961,#,-960,#,-959,#,-958,#,-957,#,-956,#,-955,#,-954,#,-953,#,-952,#,-951,#,-950,#,-949,#,-948,#,-947,#,-946,#,-945,#,-944,#,-943,#,-942,#,-941,#,-940,#,-939,#,-938,#,-937,#,-936,#,-935,#,-934,#,-933,#,-932,#,-931,#,-930,#,-929,#,-928,#,-927,#,-926,#,-925,#,-924,#,-923,#,-922,#,-921,#,-920,#,-919,#,-918,#,-917,#,-916,#,-915,#,-914,#,-913,#,-912,#,-911,#,-910,#,-909,#,-908,#,-907,#,-906,#,-905,#,-904,#,-903,#,-902,#,-901,#,-900,#,-899,#,-898,#,-897,#,-896,#,-895,#,-894,#,-893,#,-892,#,-891,#,-890,#,-889,#,-888,#,-887,#,-886,#,-885,#,-884,#,-883,#,-882,#,-881,#,-880,#,-879,#,-878,#,-877,#,-876,#,-875,#,-874,#,-873,#,-872,#,-871,#,-870,#,-869,#,-868,#,-867,#,-866,#,-865,#,-864,#,-863,#,-862,#,-861,#,-860,#,-859,#,-858,#,-857,#,-856,#,-855,#,-854,#,-853,#,-852,#,-851,#,-850,#,-849,#,-848,#,-847,#,-846,#,-845,#,-844,#,-843,#,-842,#,-841,#,-840,#,-839,#,-838,#,-837,#,-836,#,-835,#,-834,#,-833,#,-832,#,-831,#,-830,#,-829,#,-828,#,-827,#,-826,#,-825,#,-824,#,-823,#,-822,#,-821,#,-820,#,-819,#,-818,#,-817,#,-816,#,-815,#,-814,#,-813,#,-812,#,-811,#,-810,#,-809,#,-808,#,-807,#,-806,#,-805,#,-804,#,-803,#,-802,#,-801,#,-800,#,-799,#,-798,#,-797,#,-796,#,-795,#,-794,#,-793,#,-792,#,-791,#,-790,#,-789,#,-788,#,-787,#,-786,#,-785,#,-784,#,-783,#,-782,#,-781,#,-780,#,-779,#,-778,#,-777,#,-776,#,-775,#,-774,#,-773,#,-772,#,-771,#,-770,#,-769,#,-768,#,-767,#,-766,#,-765,#,-764,#,-763,#,-762,#,-761,#,-760,#,-759,#,-758,#,-757,#,-756,#,-755,#,-754,#,-753,#,-752,#,-751,#,-750,#,-749,#,-748,#,-747,#,-746,#,-745,#,-744,#,-743,#,-742,#,-741,#,-740,#,-739,#,-738,#,-737,#,-736,#,-735,#,-734,#,-733,#,-732,#,-731,#,-730,#,-729,#,-728,#,-727,#,-726,#,-725,#,-724,#,-723,#,-722,#,-721,#,-720,#,-719,#,-718,#,-717,#,-716,#,-715,#,-714,#,-713,#,-712,#,-711,#,-710,#,-709,#,-708,#,-707,#,-706,#,-705,#,-704,#,-703,#,-702,#,-701,#,-700,#,-699,#,-698,#,-697,#,-696,#,-695,#,-694,#,-693,#,-692,#,-691,#,-690,#,-689,#,-688,#,-687,#,-686,#,-685,#,-684,#,-683,#,-682,#,-681,#,-680,#,-679,#,-678,#,-677,#,-676,#,-675,#,-674,#,-673,#,-672,#,-671,#,-670,#,-669,#,-668,#,-667,#,-666,#,-665,#,-664,#,-663,#,-662,#,-661,#,-660,#,-659,#,-658,#,-657,#,-656,#,-655,#,-654,#,-653,#,-652,#,-651,#,-650,#,-649,#,-648,#,-647,#,-646,#,-645,#,-644,#,-643,#,-642,#,-641,#,-640,#,-639,#,-638,#,-637,#,-636,#,-635,#,-634,#,-633,#,-632,#,-631,#,-630,#,-629,#,-628,#,-627,#,-626,#,-625,#,-624,#,-623,#,-622,#,-621,#,-620,#,-619,#,-618,#,-617,#,-616,#,-615,#,-614,#,-613,#,-612,#,-611,#,-610,#,-609,#,-608,#,-607,#,-606,#,-605,#,-604,#,-603,#,-602,#,-601,#,-600,#,-599,#,-598,#,-597,#,-596,#,-595,#,-594,#,-593,#,-592,#,-591,#,-590,#,-589,#,-588,#,-587,#,-586,#,-585,#,-584,#,-583,#,-582,#,-581,#,-580,#,-579,#,-578,#,-577,#,-576,#,-575,#,-574,#,-573,#,-572,#,-571,#,-570,#,-569,#,-568,#,-567,#,-566,#,-565,#,-564,#,-563,#,-562,#,-561,#,-560,#,-559,#,-558,#,-557,#,-556,#,-555,#,-554,#,-553,#,-552,#,-551,#,-550,#,-549,#,-548,#,-547,#,-546,#,-545,#,-544,#,-543,#,-542,#,-541,#,-540,#,-539,#,-538,#,-537,#,-536,#,-535,#,-534,#,-533,#,-532,#,-531,#,-530,#,-529,#,-528,#,-527,#,-526,#,-525,#,-524,#,-523,#,-522,#,-521,#,-520,#,-519,#,-518,#,-517,#,-516,#,-515,#,-514,#,-513,#,-512,#,-511,#,-510,#,-509,#,-508,#,-507,#,-506,#,-505,#,-504,#,-503,#,-502,#,-501,#,-500,#,-499,#,-498,#,-497,#,-496,#,-495,#,-494,#,-493,#,-492,#,-491,#,-490,#,-489,#,-488,#,-487,#,-486,#,-485,#,-484,#,-483,#,-482,#,-481,#,-480,#,-479,#,-478,#,-477,#,-476,#,-475,#,-474,#,-473,#,-472,#,-471,#,-470,#,-469,#,-468,#,-467,#,-466,#,-465,#,-464,#,-463,#,-462,#,-461,#,-460,#,-459,#,-458,#,-457,#,-456,#,-455,#,-454,#,-453,#,-452,#,-451,#,-450,#,-449,#,-448,#,-447,#,-446,#,-445,#,-444,#,-443,#,-442,#,-441,#,-440,#,-439,#,-438,#,-437,#,-436,#,-435,#,-434,#,-433,#,-432,#,-431,#,-430,#,-429,#,-428,#,-427,#,-426,#,-425,#,-424,#,-423,#,-422,#,-421,#,-420,#,-419,#,-418,#,-417,#,-416,#,-415,#,-414,#,-413,#,-412,#,-411,#,-410,#,-409,#,-408,#,-407,#,-406,#,-405,#,-404,#,-403,#,-402,#,-401,#,-400,#,-399,#,-398,#,-397,#,-396,#,-395,#,-394,#,-393,#,-392,#,-391,#,-390,#,-389,#,-388,#,-387,#,-386,#,-385,#,-384,#,-383,#,-382,#,-381,#,-380,#,-379,#,-378,#,-377,#,-376,#,-375,#,-374,#,-373,#,-372,#,-371,#,-370,#,-369,#,-368,#,-367,#,-366,#,-365,#,-364,#,-363,#,-362,#,-361,#,-360,#,-359,#,-358,#,-357,#,-356,#,-355,#,-354,#,-353,#,-352,#,-351,#,-350,#,-349,#,-348,#,-347,#,-346,#,-345,#,-344,#,-343,#,-342,#,-341,#,-340,#,-339,#,-338,#,-337,#,-336,#,-335,#,-334,#,-333,#,-332,#,-331,#,-330,#,-329,#,-328,#,-327,#,-326,#,-325,#,-324,#,-323,#,-322,#,-321,#,-320,#,-319,#,-318,#,-317,#,-316,#,-315,#,-314,#,-313,#,-312,#,-311,#,-310,#,-309,#,-308,#,-307,#,-306,#,-305,#,-304,#,-303,#,-302,#,-301,#,-300,#,-299,#,-298,#,-297,#,-296,#,-295,#,-294,#,-293,#,-292,#,-291,#,-290,#,-289,#,-288,#,-287,#,-286,#,-285,#,-284,#,-283,#,-282,#,-281,#,-280,#,-279,#,-278,#,-277,#,-276,#,-275,#,-274,#,-273,#,-272,#,-271,#,-270,#,-269,#,-268,#,-267,#,-266,#,-265,#,-264,#,-263,#,-262,#,-261,#,-260,#,-259,#,-258,#,-257,#,-256,#,-255,#,-254,#,-253,#,-252,#,-251,#,-250,#,-249,#,-248,#,-247,#,-246,#,-245,#,-244,#,-243,#,-242,#,-241,#,-240,#,-239,#,-238,#,-237,#,-236,#,-235,#,-234,#,-233,#,-232,#,-231,#,-230,#,-229,#,-228,#,-227,#,-226,#,-225,#,-224,#,-223,#,-222,#,-221,#,-220,#,-219,#,-218,#,-217,#,-216,#,-215,#,-214,#,-213,#,-212,#,-211,#,-210,#,-209,#,-208,#,-207,#,-206,#,-205,#,-204,#,-203,#,-202,#,-201,#,-200,#,-199,#,-198,#,-197,#,-196,#,-195,#,-194,#,-193,#,-192,#,-191,#,-190,#,-189,#,-188,#,-187,#,-186,#,-185,#,-184,#,-183,#,-182,#,-181,#,-180,#,-179,#,-178,#,-177,#,-176,#,-175,#,-174,#,-173,#,-172,#,-171,#,-170,#,-169,#,-168,#,-167,#,-166,#,-165,#,-164,#,-163,#,-162,#,-161,#,-160,#,-159,#,-158,#,-157,#,-156,#,-155,#,-154,#,-153,#,-152,#,-151,#,-150,#,-149,#,-148,#,-147,#,-146,#,-145,#,-144,#,-143,#,-142,#,-141,#,-140,#,-139,#,-138,#,-137,#,-136,#,-135,#,-134,#,-133,#,-132,#,-131,#,-130,#,-129,#,-128,#,-127,#,-126,#,-125,#,-124,#,-123,#,-122,#,-121,#,-120,#,-119,#,-118,#,-117,#,-116,#,-115,#,-114,#,-113,#,-112,#,-111,#,-110,#,-109,#,-108,#,-107,#,-106,#,-105,#,-104,#,-103,#,-102,#,-101,#,-100,#,-99,#,-98,#,-97,#,-96,#,-95,#,-94,#,-93,#,-92,#,-91,#,-90,#,-89,#,-88,#,-87,#,-86,#,-85,#,-84,#,-83,#,-82,#,-81,#,-80,#,-79,#,-78,#,-77,#,-76,#,-75,#,-74,#,-73,#,-72,#,-71,#,-70,#,-69,#,-68,#,-67,#,-66,#,-65,#,-64,#,-63,#,-62,#,-61,#,-60,#,-59,#,-58,#,-57,#,-56,#,-55,#,-54,#,-53,#,-52,#,-51,#,-50,#,-49,#,-48,#,-47,#,-46,#,-45,#,-44,#,-43,#,-42,#,-41,#,-40,#,-39,#,-38,#,-37,#,-36,#,-35,#,-34,#,-33,#,-32,#,-31,#,-30,#,-29,#,-28,#,-27,#,-26,#,-25,#,-24,#,-23,#,-22,#,-21,#,-20,#,-19,#,-18,#,-17,#,-16,#,-15,#,-14,#,-13,#,-12,#,-11,#,-10,#,-9,#,-8,#,-7,#,-6,#,-5,#,-4,#,-3,#,-2,#,-1,#,0,#,1,#,2,#,3,#,4,#,5,#,6,#,7,#,8,#,9,#,10,#,11,#,12,#,13,#,14,#,15,#,16,#,17,#,18,#,19,#,20,#,21,#,22,#,23,#,24,#,25,#,26,#,27,#,28,#,29,#,30,#,31,#,32,#,33,#,34,#,35,#,36,#,37,#,38,#,39,#,40,#,41,#,42,#,43,#,44,#,45,#,46,#,47,#,48,#,49,#,50,#,51,#,52,#,53,#,54,#,55,#,56,#,57,#,58,#,59,#,60,#,61,#,62,#,63,#,64,#,65,#,66,#,67,#,68,#,69,#,70,#,71,#,72,#,73,#,74,#,75,#,76,#,77,#,78,#,79,#,80,#,81,#,82,#,83,#,84,#,85,#,86,#,87,#,88,#,89,#,90,#,91,#,92,#,93,#,94,#,95,#,96,#,97,#,98,#,99,#,100,#,101,#,102,#,103,#,104,#,105,#,106,#,107,#,108,#,109,#,110,#,111,#,112,#,113,#,114,#,115,#,116,#,117,#,118,#,119,#,120,#,121,#,122,#,123,#,124,#,125,#,126,#,127,#,128,#,129,#,130,#,131,#,132,#,133,#,134,#,135,#,136,#,137,#,138,#,139,#,140,#,141,#,142,#,143,#,144,#,145,#,146,#,147,#,148,#,149,#,150,#,151,#,152,#,153,#,154,#,155,#,156,#,157,#,158,#,159,#,160,#,161,#,162,#,163,#,164,#,165,#,166,#,167,#,168,#,169,#,170,#,171,#,172,#,173,#,174,#,175,#,176,#,177,#,178,#,179,#,180,#,181,#,182,#,183,#,184,#,185,#,186,#,187,#,188,#,189,#,190,#,191,#,192,#,193,#,194,#,195,#,196,#,197,#,198,#,199,#,200,#,201,#,202,#,203,#,204,#,205,#,206,#,207,#,208,#,209,#,210,#,211,#,212,#,213,#,214,#,215,#,216,#,217,#,218,#,219,#,220,#,221,#,222,#,223,#,224,#,225,#,226,#,227,#,228,#,229,#,230,#,231,#,232,#,233,#,234,#,235,#,236,#,237,#,238,#,239,#,240,#,241,#,242,#,243,#,244,#,245,#,246,#,247,#,248,#,249,#,250,#,251,#,252,#,253,#,254,#,255,#,256,#,257,#,258,#,259,#,260,#,261,#,262,#,263,#,264,#,265,#,266,#,267,#,268,#,269,#,270,#,271,#,272,#,273,#,274,#,275,#,276,#,277,#,278,#,279,#,280,#,281,#,282,#,283,#,284,#,285,#,286,#,287,#,288,#,289,#,290,#,291,#,292,#,293,#,294,#,295,#,296,#,297,#,298,#,299,#,300,#,301,#,302,#,303,#,304,#,305,#,306,#,307,#,308,#,309,#,310,#,311,#,312,#,313,#,314,#,315,#,316,#,317,#,318,#,319,#,320,#,321,#,322,#,323,#,324,#,325,#,326,#,327,#,328,#,329,#,330,#,331,#,332,#,333,#,334,#,335,#,336,#,337,#,338,#,339,#,340,#,341,#,342,#,343,#,344,#,345,#,346,#,347,#,348,#,349,#,350,#,351,#,352,#,353,#,354,#,355,#,356,#,357,#,358,#,359,#,360,#,361,#,362,#,363,#,364,#,365,#,366,#,367,#,368,#,369,#,370,#,371,#,372,#,373,#,374,#,375,#,376,#,377,#,378,#,379,#,380,#,381,#,382,#,383,#,384,#,385,#,386,#,387,#,388,#,389,#,390,#,391,#,392,#,393,#,394,#,395,#,396,#,397,#,398,#,399,#,400,#,401,#,402,#,403,#,404,#,405,#,406,#,407,#,408,#,409,#,410,#,411,#,412,#,413,#,414,#,415,#,416,#,417,#,418,#,419,#,420,#,421,#,422,#,423,#,424,#,425,#,426,#,427,#,428,#,429,#,430,#,431,#,432,#,433,#,434,#,435,#,436,#,437,#,438,#,439,#,440,#,441,#,442,#,443,#,444,#,445,#,446,#,447,#,448,#,449,#,450,#,451,#,452,#,453,#,454,#,455,#,456,#,457,#,458,#,459,#,460,#,461,#,462,#,463,#,464,#,465,#,466,#,467,#,468,#,469,#,470,#,471,#,472,#,473,#,474,#,475,#,476,#,477,#,478,#,479,#,480,#,481,#,482,#,483,#,484,#,485,#,486,#,487,#,488,#,489,#,490,#,491,#,492,#,493,#,494,#,495,#,496,#,497,#,498,#,499,#,500,#,501,#,502,#,503,#,504,#,505,#,506,#,507,#,508,#,509,#,510,#,511,#,512,#,513,#,514,#,515,#,516,#,517,#,518,#,519,#,520,#,521,#,522,#,523,#,524,#,525,#,526,#,527,#,528,#,529,#,530,#,531,#,532,#,533,#,534,#,535,#,536,#,537,#,538,#,539,#,540,#,541,#,542,#,543,#,544,#,545,#,546,#,547,#,548,#,549,#,550,#,551,#,552,#,553,#,554,#,555,#,556,#,557,#,558,#,559,#,560,#,561,#,562,#,563,#,564,#,565,#,566,#,567,#,568,#,569,#,570,#,571,#,572,#,573,#,574,#,575,#,576,#,577,#,578,#,579,#,580,#,581,#,582,#,583,#,584,#,585,#,586,#,587,#,588,#,589,#,590,#,591,#,592,#,593,#,594,#,595,#,596,#,597,#,598,#,599,#,600,#,601,#,602,#,603,#,604,#,605,#,606,#,607,#,608,#,609,#,610,#,611,#,612,#,613,#,614,#,615,#,616,#,617,#,618,#,619,#,620,#,621,#,622,#,623,#,624,#,625,#,626,#,627,#,628,#,629,#,630,#,631,#,632,#,633,#,634,#,635,#,636,#,637,#,638,#,639,#,640,#,641,#,642,#,643,#,644,#,645,#,646,#,647,#,648,#,649,#,650,#,651,#,652,#,653,#,654,#,655,#,656,#,657,#,658,#,659,#,660,#,661,#,662,#,663,#,664,#,665,#,666,#,667,#,668,#,669,#,670,#,671,#,672,#,673,#,674,#,675,#,676,#,677,#,678,#,679,#,680,#,681,#,682,#,683,#,684,#,685,#,686,#,687,#,688,#,689,#,690,#,691,#,692,#,693,#,694,#,695,#,696,#,697,#,698,#,699,#,700,#,701,#,702,#,703,#,704,#,705,#,706,#,707,#,708,#,709,#,710,#,711,#,712,#,713,#,714,#,715,#,716,#,717,#,718,#,719,#,720,#,721,#,722,#,723,#,724,#,725,#,726,#,727,#,728,#,729,#,730,#,731,#,732,#,733,#,734,#,735,#,736,#,737,#,738,#,739,#,740,#,741,#,742,#,743,#,744,#,745,#,746,#,747,#,748,#,749,#,750,#,751,#,752,#,753,#,754,#,755,#,756,#,757,#,758,#,759,#,760,#,761,#,762,#,763,#,764,#,765,#,766,#,767,#,768,#,769,#,770,#,771,#,772,#,773,#,774,#,775,#,776,#,777,#,778,#,779,#,780,#,781,#,782,#,783,#,784,#,785,#,786,#,787,#,788,#,789,#,790,#,791,#,792,#,793,#,794,#,795,#,796,#,797,#,798,#,799,#,800,#,801,#,802,#,803,#,804,#,805,#,806,#,807,#,808,#,809,#,810,#,811,#,812,#,813,#,814,#,815,#,816,#,817,#,818,#,819,#,820,#,821,#,822,#,823,#,824,#,825,#,826,#,827,#,828,#,829,#,830,#,831,#,832,#,833,#,834,#,835,#,836,#,837,#,838,#,839,#,840,#,841,#,842,#,843,#,844,#,845,#,846,#,847,#,848,#,849,#,850,#,851,#,852,#,853,#,854,#,855,#,856,#,857,#,858,#,859,#,860,#,861,#,862,#,863,#,864,#,865,#,866,#,867,#,868,#,869,#,870,#,871,#,872,#,873,#,874,#,875,#,876,#,877,#,878,#,879,#,880,#,881,#,882,#,883,#,884,#,885,#,886,#,887,#,888,#,889,#,890,#,891,#,892,#,893,#,894,#,895,#,896,#,897,#,898,#,899,#,900,#,901,#,902,#,903,#,904,#,905,#,906,#,907,#,908,#,909,#,910,#,911,#,912,#,913,#,914,#,915,#,916,#,917,#,918,#,919,#,920,#,921,#,922,#,923,#,924,#,925,#,926,#,927,#,928,#,929,#,930,#,931,#,932,#,933,#,934,#,935,#,936,#,937,#,938,#,939,#,940,#,941,#,942,#,943,#,944,#,945,#,946,#,947,#,948,#,949,#,950,#,951,#,952,#,953,#,954,#,955,#,956,#,957,#,958,#,959,#,960,#,961,#,962,#,963,#,964,#,965,#,966,#,967,#,968,#,969,#,970,#,971,#,972,#,973,#,974,#,975,#,976,#,977,#,978,#,979,#,980,#,981,#,982,#,983,#,984,#,985,#,986,#,987,#,988,#,989,#,990,#,991,#,992,#,993,#,994,#,995,#,996,#,997,#,998,#,999,#,1000,#,1001,#,1002,#,1003,#,1004,#,1005,#,1006,#,1007,#,1008,#,1009,#,1010,#,1011,#,1012,#,1013,#,1014,#,1015,#,1016,#,1017,#,1018,#,1019,#,1020,#,1021,#,1022,#,1023,#,1024,#,1025,#,1026,#,1027,#,1028,#,1029,#,1030,#,1031,#,1032,#,1033,#,1034,#,1035,#,1036,#,1037,#,1038,#,1039,#,1040,#,1041,#,1042,#,1043,#,1044,#,1045,#,1046,#,1047,#,1048,#,1049,#,1050,#,1051,#,1052,#,1053,#,1054,#,1055,#,1056,#,1057,#,1058,#,1059,#,1060,#,1061,#,1062,#,1063,#,1064,#,1065,#,1066,#,1067,#,1068,#,1069,#,1070,#,1071,#,1072,#,1073,#,1074,#,1075,#,1076,#,1077,#,1078,#,1079,#,1080,#,1081,#,1082,#,1083,#,1084,#,1085,#,1086,#,1087,#,1088,#,1089,#,1090,#,1091,#,1092,#,1093,#,1094,#,1095,#,1096,#,1097,#,1098,#,1099,#,1100,#,1101,#,1102,#,1103,#,1104,#,1105,#,1106,#,1107,#,1108,#,1109,#,1110,#,1111,#,1112,#,1113,#,1114,#,1115,#,1116,#,1117,#,1118,#,1119,#,1120,#,1121,#,1122,#,1123,#,1124,#,1125,#,1126,#,1127,#,1128,#,1129,#,1130,#,1131,#,1132,#,1133,#,1134,#,1135,#,1136,#,1137,#,1138,#,1139,#,1140,#,1141,#,1142,#,1143,#,1144,#,1145,#,1146,#,1147,#,1148,#,1149,#,1150,#,1151,#,1152,#,1153,#,1154,#,1155,#,1156,#,1157,#,1158,#,1159,#,1160,#,1161,#,1162,#,1163,#,1164,#,1165,#,1166,#,1167,#,1168,#,1169,#,1170,#,1171,#,1172,#,1173,#,1174,#,1175,#,1176,#,1177,#,1178,#,1179,#,1180,#,1181,#,1182,#,1183,#,1184,#,1185,#,1186,#,1187,#,1188,#,1189,#,1190,#,1191,#,1192,#,1193,#,1194,#,1195,#,1196,#,1197,#,1198,#,1199,#,1200,#,1201,#,1202,#,1203,#,1204,#,1205,#,1206,#,1207,#,1208,#,1209,#,1210,#,1211,#,1212,#,1213,#,1214,#,1215,#,1216,#,1217,#,1218,#,1219,#,1220,#,1221,#,1222,#,1223,#,1224,#,1225,#,1226,#,1227,#,1228,#,1229,#,1230,#,1231,#,1232,#,1233,#,1234,#,1235,#,1236,#,1237,#,1238,#,1239,#,1240,#,1241,#,1242,#,1243,#,1244,#,1245,#,1246,#,1247,#,1248,#,1249,#,1250,#,1251,#,1252,#,1253,#,1254,#,1255,#,1256,#,1257,#,1258,#,1259,#,1260,#,1261,#,1262,#,1263,#,1264,#,1265,#,1266,#,1267,#,1268,#,1269,#,1270,#,1271,#,1272,#,1273,#,1274,#,1275,#,1276,#,1277,#,1278,#,1279,#,1280,#,1281,#,1282,#,1283,#,1284,#,1285,#,1286,#,1287,#,1288,#,1289,#,1290,#,1291,#,1292,#,1293,#,1294,#,1295,#,1296,#,1297,#,1298,#,1299,#,1300,#,1301,#,1302,#,1303,#,1304,#,1305,#,1306,#,1307,#,1308,#,1309,#,1310,#,1311,#,1312,#,1313,#,1314,#,1315,#,1316,#,1317,#,1318,#,1319,#,1320,#,1321,#,1322,#,1323,#,1324,#,1325,#,1326,#,1327,#,1328,#,1329,#,1330,#,1331,#,1332,#,1333,#,1334,#,1335,#,1336,#,1337,#,1338,#,1339,#,1340,#,1341,#,1342,#,1343,#,1344,#,1345,#,1346,#,1347,#,1348,#,1349,#,1350,#,1351,#,1352,#,1353,#,1354,#,1355,#,1356,#,1357,#,1358,#,1359,#,1360,#,1361,#,1362,#,1363,#,1364,#,1365,#,1366,#,1367,#,1368,#,1369,#,1370,#,1371,#,1372,#,1373,#,1374,#,1375,#,1376,#,1377,#,1378,#,1379,#,1380,#,1381,#,1382,#,1383,#,1384,#,1385,#,1386,#,1387,#,1388,#,1389,#,1390,#,1391,#,1392,#,1393,#,1394,#,1395,#,1396,#,1397,#,1398,#,1399,#,1400,#,1401,#,1402,#,1403,#,1404,#,1405,#,1406,#,1407,#,1408,#,1409,#,1410,#,1411,#,1412,#,1413,#,1414,#,1415,#,1416,#,1417,#,1418,#,1419,#,1420,#,1421,#,1422,#,1423,#,1424,#,1425,#,1426,#,1427,#,1428,#,1429,#,1430,#,1431,#,1432,#,1433,#,1434,#,1435,#,1436,#,1437,#,1438,#,1439,#,1440,#,1441,#,1442,#,1443,#,1444,#,1445,#,1446,#,1447,#,1448,#,1449,#,1450,#,1451,#,1452,#,1453,#,1454,#,1455,#,1456,#,1457,#,1458,#,1459,#,1460,#,1461,#,1462,#,1463,#,1464,#,1465,#,1466,#,1467,#,1468,#,1469,#,1470,#,1471,#,1472,#,1473,#,1474,#,1475,#,1476,#,1477,#,1478,#,1479,#,1480,#,1481,#,1482,#,1483,#,1484,#,1485,#,1486,#,1487,#,1488,#,1489,#,1490,#,1491,#,1492,#,1493,#,1494,#,1495,#,1496,#,1497,#,1498,#,1499,#,1500,#,1501,#,1502,#,1503,#,1504,#,1505,#,1506,#,1507,#,1508,#,1509,#,1510,#,1511,#,1512,#,1513,#,1514,#,1515,#,1516,#,1517,#,1518,#,1519,#,1520,#,1521,#,1522,#,1523,#,1524,#,1525,#,1526,#,1527,#,1528,#,1529,#,1530,#,1531,#,1532,#,1533,#,1534,#,1535,#,1536,#,1537,#,1538,#,1539,#,1540,#,1541,#,1542,#,1543,#,1544,#,1545,#,1546,#,1547,#,1548,#,1549,#,1550,#,1551,#,1552,#,1553,#,1554,#,1555,#,1556,#,1557,#,1558,#,1559,#,1560,#,1561,#,1562,#,1563,#,1564,#,1565,#,1566,#,1567,#,1568,#,1569,#,1570,#,1571,#,1572,#,1573,#,1574,#,1575,#,1576,#,1577,#,1578,#,1579,#,1580,#,1581,#,1582,#,1583,#,1584,#,1585,#,1586,#,1587,#,1588,#,1589,#,1590,#,1591,#,1592,#,1593,#,1594,#,1595,#,1596,#,1597,#,1598,#,1599,#,1600,#,1601,#,1602,#,1603,#,1604,#,1605,#,1606,#,1607,#,1608,#,1609,#,1610,#,1611,#,1612,#,1613,#,1614,#,1615,#,1616,#,1617,#,1618,#,1619,#,1620,#,1621,#,1622,#,1623,#,1624,#,1625,#,1626,#,1627,#,1628,#,1629,#,1630,#,1631,#,1632,#,1633,#,1634,#,1635,#,1636,#,1637,#,1638,#,1639,#,1640,#,1641,#,1642,#,1643,#,1644,#,1645,#,1646,#,1647,#,1648,#,1649,#,1650,#,1651,#,1652,#,1653,#,1654,#,1655,#,1656,#,1657,#,1658,#,1659,#,1660,#,1661,#,1662,#,1663,#,1664,#,1665,#,1666,#,1667,#,1668,#,1669,#,1670,#,1671,#,1672,#,1673,#,1674,#,1675,#,1676,#,1677,#,1678,#,1679,#,1680,#,1681,#,1682,#,1683,#,1684,#,1685,#,1686,#,1687,#,1688,#,1689,#,1690,#,1691,#,1692,#,1693,#,1694,#,1695,#,1696,#,1697,#,1698,#,1699,#,1700,#,1701,#,1702,#,1703,#,1704,#,1705,#,1706,#,1707,#,1708,#,1709,#,1710,#,1711,#,1712,#,1713,#,1714,#,1715,#,1716,#,1717,#,1718,#,1719,#,1720,#,1721,#,1722,#,1723,#,1724,#,1725,#,1726,#,1727,#,1728,#,1729,#,1730,#,1731,#,1732,#,1733,#,1734,#,1735,#,1736,#,1737,#,1738,#,1739,#,1740,#,1741,#,1742,#,1743,#,1744,#,1745,#,1746,#,1747,#,1748,#,1749,#,1750,#,1751,#,1752,#,1753,#,1754,#,1755,#,1756,#,1757,#,1758,#,1759,#,1760,#,1761,#,1762,#,1763,#,1764,#,1765,#,1766,#,1767,#,1768,#,1769,#,1770,#,1771,#,1772,#,1773,#,1774,#,1775,#,1776,#,1777,#,1778,#,1779,#,1780,#,1781,#,1782,#,1783,#,1784,#,1785,#,1786,#,1787,#,1788,#,1789,#,1790,#,1791,#,1792,#,1793,#,1794,#,1795,#,1796,#,1797,#,1798,#,1799,#,1800,#,1801,#,1802,#,1803,#,1804,#,1805,#,1806,#,1807,#,1808,#,1809,#,1810,#,1811,#,1812,#,1813,#,1814,#,1815,#,1816,#,1817,#,1818,#,1819,#,1820,#,1821,#,1822,#,1823,#,1824,#,1825,#,1826,#,1827,#,1828,#,1829,#,1830,#,1831,#,1832,#,1833,#,1834,#,1835,#,1836,#,1837,#,1838,#,1839,#,1840,#,1841,#,1842,#,1843,#,1844,#,1845,#,1846,#,1847,#,1848,#,1849,#,1850,#,1851,#,1852,#,1853,#,1854,#,1855,#,1856,#,1857,#,1858,#,1859,#,1860,#,1861,#,1862,#,1863,#,1864,#,1865,#,1866,#,1867,#,1868,#,1869,#,1870,#,1871,#,1872,#,1873,#,1874,#,1875,#,1876,#,1877,#,1878,#,1879,#,1880,#,1881,#,1882,#,1883,#,1884,#,1885,#,1886,#,1887,#,1888,#,1889,#,1890,#,1891,#,1892,#,1893,#,1894,#,1895,#,1896,#,1897,#,1898,#,1899,#,1900,#,1901,#,1902,#,1903,#,1904,#,1905,#,1906,#,1907,#,1908,#,1909,#,1910,#,1911,#,1912,#,1913,#,1914,#,1915,#,1916,#,1917,#,1918,#,1919,#,1920,#,1921,#,1922,#,1923,#,1924,#,1925,#,1926,#,1927,#,1928,#,1929,#,1930,#,1931,#,1932,#,1933,#,1934,#,1935,#,1936,#,1937,#,1938,#,1939,#,1940,#,1941,#,1942,#,1943,#,1944,#,1945,#,1946,#,1947,#,1948,#,1949,#,1950,#,1951,#,1952,#,1953,#,1954,#,1955,#,1956,#,1957,#,1958,#,1959,#,1960,#,1961,#,1962,#,1963,#,1964,#,1965,#,1966,#,1967,#,1968,#,1969,#,1970,#,1971,#,1972,#,1973,#,1974,#,1975,#,1976,#,1977,#,1978,#,1979,#,1980,#,1981,#,1982,#,1983,#,1984,#,1985,#,1986,#,1987,#,1988,#,1989,#,1990,#,1991,#,1992,#,1993,#,1994,#,1995,#,1996,#,1997,#,1998,#,1999,#,2000}
