[], []	{}
[-1], [-1]	{-1}
[2,1], [2,1]	{1,2}
[1,2], [2,1]	{1,#,2}
[2,1,3], [2,3,1]	{1,2,3}
[3,2,1], [3,2,1]	{1,2,#,3}
[2,3,1], [3,2,1]	{1,2,#,#,3}
[1,3,2], [3,2,1]	{1,#,2,3}
[1,2,3], [3,2,1]	{1,#,2,#,3}
[1,2,3,4], [4,3,2,1]	{1,#,2,#,3,#,4}
[1,2,3,4], [3,4,2,1]	{1,#,2,#,4,3}
[1,2,3,4], [2,4,3,1]	{1,#,3,2,4}
[1,2,3,4], [3,2,4,1]	{1,#,4,2,#,#,3}
[1,2,3,4], [2,3,4,1]	{1,#,4,3,#,2}
[1,2,3,4], [1,4,3,2]	{2,1,3,#,#,#,4}
[1,2,3,4], [1,3,4,2]	{2,1,4,#,#,3}
[1,2,3,4], [2,1,4,3]	{3,1,4,#,2}
[1,2,3,4], [1,2,4,3]	{3,2,4,1}
[1,2,3,4], [3,2,1,4]	{4,1,#,#,2,#,3}
[1,2,3,4], [2,3,1,4]	{4,1,#,#,3,2}
[1,2,3,4], [1,3,2,4]	{4,2,#,1,3}
[1,2,3,4], [2,1,3,4]	{4,3,#,1,#,#,2}
[1,2,3,4], [1,2,3,4]	{4,3,#,2,#,1}
[-4,-10,3,-1,7,11,-8,2], [-4,-1,3,-10,11,-8,2,7]	{7,-10,2,-4,3,-8,#,#,#,#,-1,11}
[1,2,3,4,5], [5,4,3,2,1]	{1,#,2,#,3,#,4,#,5}
[1,2,3,4,5], [4,5,3,2,1]	{1,#,2,#,3,#,5,4}
[1,2,3,4,5], [3,5,4,2,1]	{1,#,2,#,4,3,5}
[1,2,3,4,5], [4,3,5,2,1]	{1,#,2,#,5,3,#,#,4}
[1,2,3,4,5], [3,4,5,2,1]	{1,#,2,#,5,4,#,3}
[1,2,3,4,5], [2,5,4,3,1]	{1,#,3,2,4,#,#,#,5}
[1,2,3,4,5], [2,4,5,3,1]	{1,#,3,2,5,#,#,4}
[1,2,3,4,5], [3,2,5,4,1]	{1,#,4,2,5,#,3}
[1,2,3,4,5], [2,3,5,4,1]	{1,#,4,3,5,2}
[1,2,3,4,5], [4,3,2,5,1]	{1,#,5,2,#,#,3,#,4}
[1,2,3,4,5], [3,4,2,5,1]	{1,#,5,2,#,#,4,3}
[1,2,3,4,5], [2,4,3,5,1]	{1,#,5,3,#,2,4}
[1,2,3,4,5], [3,2,4,5,1]	{1,#,5,4,#,2,#,#,3}
[1,2,3,4,5], [2,3,4,5,1]	{1,#,5,4,#,3,#,2}
[1,2,3,4,5], [1,5,4,3,2]	{2,1,3,#,#,#,4,#,5}
[1,2,3,4,5], [1,4,5,3,2]	{2,1,3,#,#,#,5,4}
[1,2,3,4,5], [1,3,5,4,2]	{2,1,4,#,#,3,5}
[1,2,3,4,5], [1,4,3,5,2]	{2,1,5,#,#,3,#,#,4}
[1,2,3,4,5], [1,3,4,5,2]	{2,1,5,#,#,4,#,3}
[1,2,3,4,5], [2,1,5,4,3]	{3,1,4,#,2,#,5}
[1,2,3,4,5], [2,1,4,5,3]	{3,1,5,#,2,4}
[1,2,3,4,5], [1,2,5,4,3]	{3,2,4,1,#,#,5}
[1,2,3,4,5], [1,2,4,5,3]	{3,2,5,1,#,4}
[1,2,3,4,5], [3,2,1,5,4]	{4,1,5,#,2,#,#,#,3}
[1,2,3,4,5], [2,3,1,5,4]	{4,1,5,#,3,#,#,2}
[1,2,3,4,5], [1,3,2,5,4]	{4,2,5,1,3}
[1,2,3,4,5], [2,1,3,5,4]	{4,3,5,1,#,#,#,#,2}
[1,2,3,4,5], [1,2,3,5,4]	{4,3,5,2,#,#,#,1}
[1,2,3,4,5], [4,3,2,1,5]	{5,1,#,#,2,#,3,#,4}
[1,2,3,4,5], [3,4,2,1,5]	{5,1,#,#,2,#,4,3}
[1,2,3,4,5], [2,4,3,1,5]	{5,1,#,#,3,2,4}
[1,2,3,4,5], [3,2,4,1,5]	{5,1,#,#,4,2,#,#,3}
[1,2,3,4,5], [2,3,4,1,5]	{5,1,#,#,4,3,#,2}
[1,2,3,4,5], [1,4,3,2,5]	{5,2,#,1,3,#,#,#,4}
[1,2,3,4,5], [1,3,4,2,5]	{5,2,#,1,4,#,#,3}
[1,2,3,4,5], [2,1,4,3,5]	{5,3,#,1,4,#,2}
[1,2,3,4,5], [1,2,4,3,5]	{5,3,#,2,4,1}
[1,2,3,4,5], [3,2,1,4,5]	{5,4,#,1,#,#,2,#,3}
[1,2,3,4,5], [2,3,1,4,5]	{5,4,#,1,#,#,3,2}
[1,2,3,4,5], [1,3,2,4,5]	{5,4,#,2,#,1,3}
[1,2,3,4,5], [2,1,3,4,5]	{5,4,#,3,#,1,#,#,2}
[1,2,3,4,5], [1,2,3,4,5]	{5,4,#,3,#,2,#,1}
[1,2,3,4,5,6], [6,5,4,3,2,1]	{1,#,2,#,3,#,4,#,5,#,6}
[1,2,3,4,5,6], [5,6,4,3,2,1]	{1,#,2,#,3,#,4,#,6,5}
[1,2,3,4,5,6], [4,6,5,3,2,1]	{1,#,2,#,3,#,5,4,6}
[1,2,3,4,5,6], [5,4,6,3,2,1]	{1,#,2,#,3,#,6,4,#,#,5}
[1,2,3,4,5,6], [4,5,6,3,2,1]	{1,#,2,#,3,#,6,5,#,4}
[1,2,3,4,5,6], [3,6,5,4,2,1]	{1,#,2,#,4,3,5,#,#,#,6}
[1,2,3,4,5,6], [3,5,6,4,2,1]	{1,#,2,#,4,3,6,#,#,5}
[1,2,3,4,5,6], [4,3,6,5,2,1]	{1,#,2,#,5,3,6,#,4}
[1,2,3,4,5,6], [3,4,6,5,2,1]	{1,#,2,#,5,4,6,3}
[1,2,3,4,5,6], [5,4,3,6,2,1]	{1,#,2,#,6,3,#,#,4,#,5}
[1,2,3,4,5,6], [4,5,3,6,2,1]	{1,#,2,#,6,3,#,#,5,4}
[1,2,3,4,5,6], [3,5,4,6,2,1]	{1,#,2,#,6,4,#,3,5}
[1,2,3,4,5,6], [4,3,5,6,2,1]	{1,#,2,#,6,5,#,3,#,#,4}
[1,2,3,4,5,6], [3,4,5,6,2,1]	{1,#,2,#,6,5,#,4,#,3}
[1,2,3,4,5,6], [2,6,5,4,3,1]	{1,#,3,2,4,#,#,#,5,#,6}
[1,2,3,4,5,6], [2,5,6,4,3,1]	{1,#,3,2,4,#,#,#,6,5}
[1,2,3,4,5,6], [2,4,6,5,3,1]	{1,#,3,2,5,#,#,4,6}
[1,2,3,4,5,6], [2,5,4,6,3,1]	{1,#,3,2,6,#,#,4,#,#,5}
[1,2,3,4,5,6], [2,4,5,6,3,1]	{1,#,3,2,6,#,#,5,#,4}
[1,2,3,4,5,6], [3,2,6,5,4,1]	{1,#,4,2,5,#,3,#,6}
[1,2,3,4,5,6], [3,2,5,6,4,1]	{1,#,4,2,6,#,3,5}
[1,2,3,4,5,6], [2,3,6,5,4,1]	{1,#,4,3,5,2,#,#,6}
[1,2,3,4,5,6], [2,3,5,6,4,1]	{1,#,4,3,6,2,#,5}
[1,2,3,4,5,6], [4,3,2,6,5,1]	{1,#,5,2,6,#,3,#,#,#,4}
[1,2,3,4,5,6], [3,4,2,6,5,1]	{1,#,5,2,6,#,4,#,#,3}
[1,2,3,4,5,6], [2,4,3,6,5,1]	{1,#,5,3,6,2,4}
[1,2,3,4,5,6], [3,2,4,6,5,1]	{1,#,5,4,6,2,#,#,#,#,3}
[1,2,3,4,5,6], [2,3,4,6,5,1]	{1,#,5,4,6,3,#,#,#,2}
[1,2,3,4,5,6], [5,4,3,2,6,1]	{1,#,6,2,#,#,3,#,4,#,5}
[1,2,3,4,5,6], [4,5,3,2,6,1]	{1,#,6,2,#,#,3,#,5,4}
[1,2,3,4,5,6], [3,5,4,2,6,1]	{1,#,6,2,#,#,4,3,5}
[1,2,3,4,5,6], [4,3,5,2,6,1]	{1,#,6,2,#,#,5,3,#,#,4}
[1,2,3,4,5,6], [3,4,5,2,6,1]	{1,#,6,2,#,#,5,4,#,3}
[1,2,3,4,5,6], [2,5,4,3,6,1]	{1,#,6,3,#,2,4,#,#,#,5}
[1,2,3,4,5,6], [2,4,5,3,6,1]	{1,#,6,3,#,2,5,#,#,4}
[1,2,3,4,5,6], [3,2,5,4,6,1]	{1,#,6,4,#,2,5,#,3}
[1,2,3,4,5,6], [2,3,5,4,6,1]	{1,#,6,4,#,3,5,2}
[1,2,3,4,5,6], [4,3,2,5,6,1]	{1,#,6,5,#,2,#,#,3,#,4}
[1,2,3,4,5,6], [3,4,2,5,6,1]	{1,#,6,5,#,2,#,#,4,3}
[1,2,3,4,5,6], [2,4,3,5,6,1]	{1,#,6,5,#,3,#,2,4}
[1,2,3,4,5,6], [3,2,4,5,6,1]	{1,#,6,5,#,4,#,2,#,#,3}
[1,2,3,4,5,6], [2,3,4,5,6,1]	{1,#,6,5,#,4,#,3,#,2}
[1,2,3,4,5,6], [1,6,5,4,3,2]	{2,1,3,#,#,#,4,#,5,#,6}
[1,2,3,4,5,6], [1,5,6,4,3,2]	{2,1,3,#,#,#,4,#,6,5}
[1,2,3,4,5,6], [1,4,6,5,3,2]	{2,1,3,#,#,#,5,4,6}
[1,2,3,4,5,6], [1,5,4,6,3,2]	{2,1,3,#,#,#,6,4,#,#,5}
[1,2,3,4,5,6], [1,4,5,6,3,2]	{2,1,3,#,#,#,6,5,#,4}
[1,2,3,4,5,6], [1,3,6,5,4,2]	{2,1,4,#,#,3,5,#,#,#,6}
[1,2,3,4,5,6], [1,3,5,6,4,2]	{2,1,4,#,#,3,6,#,#,5}
[1,2,3,4,5,6], [1,4,3,6,5,2]	{2,1,5,#,#,3,6,#,4}
[1,2,3,4,5,6], [1,3,4,6,5,2]	{2,1,5,#,#,4,6,3}
[1,2,3,4,5,6], [1,5,4,3,6,2]	{2,1,6,#,#,3,#,#,4,#,5}
[1,2,3,4,5,6], [1,4,5,3,6,2]	{2,1,6,#,#,3,#,#,5,4}
[1,2,3,4,5,6], [1,3,5,4,6,2]	{2,1,6,#,#,4,#,3,5}
[1,2,3,4,5,6], [1,4,3,5,6,2]	{2,1,6,#,#,5,#,3,#,#,4}
[1,2,3,4,5,6], [1,3,4,5,6,2]	{2,1,6,#,#,5,#,4,#,3}
[1,2,3,4,5,6], [2,1,6,5,4,3]	{3,1,4,#,2,#,5,#,#,#,6}
[1,2,3,4,5,6], [2,1,5,6,4,3]	{3,1,4,#,2,#,6,#,#,5}
[1,2,3,4,5,6], [2,1,4,6,5,3]	{3,1,5,#,2,4,6}
[1,2,3,4,5,6], [2,1,5,4,6,3]	{3,1,6,#,2,4,#,#,#,#,5}
[1,2,3,4,5,6], [2,1,4,5,6,3]	{3,1,6,#,2,5,#,#,#,4}
[1,2,3,4,5,6], [1,2,6,5,4,3]	{3,2,4,1,#,#,5,#,#,#,6}
[1,2,3,4,5,6], [1,2,5,6,4,3]	{3,2,4,1,#,#,6,#,#,5}
[1,2,3,4,5,6], [1,2,4,6,5,3]	{3,2,5,1,#,4,6}
[1,2,3,4,5,6], [1,2,5,4,6,3]	{3,2,6,1,#,4,#,#,#,#,5}
[1,2,3,4,5,6], [1,2,4,5,6,3]	{3,2,6,1,#,5,#,#,#,4}
[1,2,3,4,5,6], [3,2,1,6,5,4]	{4,1,5,#,2,#,6,#,3}
[1,2,3,4,5,6], [3,2,1,5,6,4]	{4,1,6,#,2,5,#,#,3}
[1,2,3,4,5,6], [2,3,1,6,5,4]	{4,1,5,#,3,#,6,2}
[1,2,3,4,5,6], [2,3,1,5,6,4]	{4,1,6,#,3,5,#,2}
[1,2,3,4,5,6], [1,3,2,6,5,4]	{4,2,5,1,3,#,6}
[1,2,3,4,5,6], [1,3,2,5,6,4]	{4,2,6,1,3,5}
[1,2,3,4,5,6], [2,1,3,6,5,4]	{4,3,5,1,#,#,6,#,2}
[1,2,3,4,5,6], [2,1,3,5,6,4]	{4,3,6,1,#,5,#,#,2}
[1,2,3,4,5,6], [1,2,3,6,5,4]	{4,3,5,2,#,#,6,1}
[1,2,3,4,5,6], [1,2,3,5,6,4]	{4,3,6,2,#,5,#,1}
[1,2,3,4,5,6], [4,3,2,1,6,5]	{5,1,6,#,2,#,#,#,3,#,4}
[1,2,3,4,5,6], [3,4,2,1,6,5]	{5,1,6,#,2,#,#,#,4,3}
[1,2,3,4,5,6], [2,4,3,1,6,5]	{5,1,6,#,3,#,#,2,4}
[1,2,3,4,5,6], [3,2,4,1,6,5]	{5,1,6,#,4,#,#,2,#,#,3}
[1,2,3,4,5,6], [2,3,4,1,6,5]	{5,1,6,#,4,#,#,3,#,2}
[1,2,3,4,5,6], [1,4,3,2,6,5]	{5,2,6,1,3,#,#,#,#,#,4}
[1,2,3,4,5,6], [1,3,4,2,6,5]	{5,2,6,1,4,#,#,#,#,3}
[1,2,3,4,5,6], [2,1,4,3,6,5]	{5,3,6,1,4,#,#,#,2}
[1,2,3,4,5,6], [1,2,4,3,6,5]	{5,3,6,2,4,#,#,1}
[1,2,3,4,5,6], [3,2,1,4,6,5]	{5,4,6,1,#,#,#,#,2,#,3}
[1,2,3,4,5,6], [2,3,1,4,6,5]	{5,4,6,1,#,#,#,#,3,2}
[1,2,3,4,5,6], [1,3,2,4,6,5]	{5,4,6,2,#,#,#,1,3}
[1,2,3,4,5,6], [2,1,3,4,6,5]	{5,4,6,3,#,#,#,1,#,#,2}
[1,2,3,4,5,6], [1,2,3,4,6,5]	{5,4,6,3,#,#,#,2,#,1}
[1,2,3,4,5,6], [5,4,3,2,1,6]	{6,1,#,#,2,#,3,#,4,#,5}
[1,2,3,4,5,6], [4,5,3,2,1,6]	{6,1,#,#,2,#,3,#,5,4}
[1,2,3,4,5,6], [3,5,4,2,1,6]	{6,1,#,#,2,#,4,3,5}
[1,2,3,4,5,6], [4,3,5,2,1,6]	{6,1,#,#,2,#,5,3,#,#,4}
[1,2,3,4,5,6], [3,4,5,2,1,6]	{6,1,#,#,2,#,5,4,#,3}
[1,2,3,4,5,6], [2,5,4,3,1,6]	{6,1,#,#,3,2,4,#,#,#,5}
[1,2,3,4,5,6], [2,4,5,3,1,6]	{6,1,#,#,3,2,5,#,#,4}
[1,2,3,4,5,6], [3,2,5,4,1,6]	{6,1,#,#,4,2,5,#,3}
[1,2,3,4,5,6], [2,3,5,4,1,6]	{6,1,#,#,4,3,5,2}
[1,2,3,4,5,6], [4,3,2,5,1,6]	{6,1,#,#,5,2,#,#,3,#,4}
[1,2,3,4,5,6], [3,4,2,5,1,6]	{6,1,#,#,5,2,#,#,4,3}
[1,2,3,4,5,6], [2,4,3,5,1,6]	{6,1,#,#,5,3,#,2,4}
[1,2,3,4,5,6], [3,2,4,5,1,6]	{6,1,#,#,5,4,#,2,#,#,3}
[1,2,3,4,5,6], [2,3,4,5,1,6]	{6,1,#,#,5,4,#,3,#,2}
[1,2,3,4,5,6], [1,5,4,3,2,6]	{6,2,#,1,3,#,#,#,4,#,5}
[1,2,3,4,5,6], [1,4,5,3,2,6]	{6,2,#,1,3,#,#,#,5,4}
[1,2,3,4,5,6], [1,3,5,4,2,6]	{6,2,#,1,4,#,#,3,5}
[1,2,3,4,5,6], [1,4,3,5,2,6]	{6,2,#,1,5,#,#,3,#,#,4}
[1,2,3,4,5,6], [1,3,4,5,2,6]	{6,2,#,1,5,#,#,4,#,3}
[1,2,3,4,5,6], [2,1,5,4,3,6]	{6,3,#,1,4,#,2,#,5}
[1,2,3,4,5,6], [2,1,4,5,3,6]	{6,3,#,1,5,#,2,4}
[1,2,3,4,5,6], [1,2,5,4,3,6]	{6,3,#,2,4,1,#,#,5}
[1,2,3,4,5,6], [1,2,4,5,3,6]	{6,3,#,2,5,1,#,4}
[1,2,3,4,5,6], [3,2,1,5,4,6]	{6,4,#,1,5,#,2,#,#,#,3}
[1,2,3,4,5,6], [2,3,1,5,4,6]	{6,4,#,1,5,#,3,#,#,2}
[1,2,3,4,5,6], [1,3,2,5,4,6]	{6,4,#,2,5,1,3}
[1,2,3,4,5,6], [2,1,3,5,4,6]	{6,4,#,3,5,1,#,#,#,#,2}
[1,2,3,4,5,6], [1,2,3,5,4,6]	{6,4,#,3,5,2,#,#,#,1}
[1,2,3,4,5,6], [4,3,2,1,5,6]	{6,5,#,1,#,#,2,#,3,#,4}
[1,2,3,4,5,6], [3,4,2,1,5,6]	{6,5,#,1,#,#,2,#,4,3}
[1,2,3,4,5,6], [2,4,3,1,5,6]	{6,5,#,1,#,#,3,2,4}
[1,2,3,4,5,6], [3,2,4,1,5,6]	{6,5,#,1,#,#,4,2,#,#,3}
[1,2,3,4,5,6], [2,3,4,1,5,6]	{6,5,#,1,#,#,4,3,#,2}
[1,2,3,4,5,6], [1,4,3,2,5,6]	{6,5,#,2,#,1,3,#,#,#,4}
[1,2,3,4,5,6], [1,3,4,2,5,6]	{6,5,#,2,#,1,4,#,#,3}
[1,2,3,4,5,6], [2,1,4,3,5,6]	{6,5,#,3,#,1,4,#,2}
[1,2,3,4,5,6], [1,2,4,3,5,6]	{6,5,#,3,#,2,4,1}
[1,2,3,4,5,6], [3,2,1,4,5,6]	{6,5,#,4,#,1,#,#,2,#,3}
[1,2,3,4,5,6], [2,3,1,4,5,6]	{6,5,#,4,#,1,#,#,3,2}
[1,2,3,4,5,6], [1,3,2,4,5,6]	{6,5,#,4,#,2,#,1,3}
[1,2,3,4,5,6], [2,1,3,4,5,6]	{6,5,#,4,#,3,#,1,#,#,2}
[1,2,3,4,5,6], [1,2,3,4,5,6]	{6,5,#,4,#,3,#,2,#,1}
[-80,25,98,13,16,79,-59,-49,-50,-83,6,-96,85,-36,77,20,55,23,92,72,-58,-6,14,-76,-46,41,-37,17,64,88,-73,-85,-52,30,75,19,-42,-55,87,80,59,-27,-81,1,44,-14,84,-10,-60,-34,91,-87,31,42,5,-18,38,86,-25,74,22,-7,-90,56,-72,32,-24,50,-13,-71,83,60,34,-20,49,58,53,-4,-89,78,27,-21,-16,-54,67,-1,21,11,-22,81,40,-92,-29,89,-95,-48,47,-23,-3,-19,61,-99,4,48,-63,-79,-30,-100,54,-70,94,39,-9,-41,-82,15,-98,-15,-97,-43,-64,43,97,51,82,68,96,-5,36,28,35,-69,65,24,-74,57,66,-94,-88,18,37,0,29,9,76,-61,33,69,-39,3,-44,90,-65,95,-26,2,93,-78,-84,-17,-12,-66,-75,-40,99,73,-57,7,26,-68,8,12,-8,62,46,-51,-67,-47,-2,52,-77,-86,10,-38,-93,-35,45,-31,-91,63,71,-28,-53,-56,-32,-33,-45,70,-62,-11], [-80,98,25,13,79,-49,-59,6,-83,-96,-36,85,-50,20,23,92,55,72,-6,-76,14,41,64,17,-73,-85,30,-52,75,88,-37,87,59,-27,80,1,-81,-55,44,-42,-14,19,-46,-60,-34,-87,31,91,-10,-18,38,-25,74,86,5,42,-90,-7,22,-72,32,56,50,-71,-13,-24,60,-20,34,58,-4,78,-16,-21,-54,27,-89,53,49,83,-1,21,81,40,-29,89,-92,-22,11,47,-23,-19,-3,-48,-99,61,-95,48,-79,-100,54,-70,39,-9,-82,-41,94,-30,15,-63,-15,-97,43,97,-64,51,-43,-98,4,67,84,82,-58,77,16,96,36,35,-69,65,28,-5,-74,57,18,-88,0,37,-94,66,24,9,-61,76,29,3,-39,90,-65,-44,2,-26,95,69,-17,-84,-78,93,-66,-40,99,-57,-68,26,7,73,46,62,-8,12,-47,-67,-2,-51,-86,10,45,-35,-93,-38,-31,-77,63,71,-91,-28,-56,-33,-32,70,-11,-62,-45,-53,52,8,-75,-12,33,68]	{68,16,33,13,77,29,-12,25,#,-50,-58,24,76,93,-75,-80,98,-59,85,72,82,-5,66,9,-61,69,-78,-66,8,#,#,#,#,79,-49,-96,-36,55,#,84,#,96,28,57,-94,#,#,#,#,#,95,#,-84,#,#,73,52,#,#,#,#,-83,#,#,#,20,92,-46,67,#,#,36,65,-74,#,#,37,-44,-26,#,-17,99,7,-51,-53,#,6,#,#,23,#,14,19,83,4,#,#,-69,#,#,#,-88,0,-39,-65,#,2,#,#,-40,#,-57,26,12,-2,-28,-45,#,#,#,#,-6,-76,-37,-14,-24,49,-95,-98,35,#,#,18,#,#,#,3,90,#,#,#,#,#,#,#,#,-68,#,-8,-67,#,-91,#,-32,-62,#,#,#,#,41,88,-42,#,56,-13,34,53,11,61,-63,-43,#,#,#,#,#,#,#,#,#,#,#,62,#,-47,-77,71,-56,-33,70,-11,#,#,17,75,#,44,22,32,50,-71,60,-20,58,-89,21,-22,-48,-99,48,15,-97,51,#,46,#,#,#,-31,63,#,#,#,#,#,#,#,#,#,#,64,-52,#,-55,#,42,-7,-72,#,#,#,#,#,#,#,#,#,#,#,-4,27,-1,#,#,-92,#,-3,#,#,#,#,-30,#,-15,#,-64,#,#,#,-38,#,#,#,#,#,-85,30,#,-81,-10,5,#,-90,#,#,#,#,78,-54,#,#,40,89,-23,-19,-79,94,#,#,#,97,10,-93,-73,#,#,#,80,1,#,91,#,86,#,#,#,#,-21,#,81,#,-29,#,47,#,#,#,#,#,-70,-41,43,#,-86,#,#,-35,#,#,87,-27,#,#,-34,31,38,74,#,-16,#,#,#,#,#,#,54,#,-9,-82,#,#,#,#,#,45,#,#,59,#,-60,#,-87,#,-18,#,-25,#,#,#,-100,#,39}
[264,86,81,379,-100,-40,303,398,396,267,136,395,367,146,35,174,49,31,157,129,65,144,112,-43,147,375,188,-34,324,-83,19,308,61,79,23,63,191,164,-87,58,-17,260,316,132,5,275,390,234,292,54,-46,318,111,28,305,77,29,-91,88,66,277,-55,-95,342,-52,364,-62,96,97,173,212,216,297,205,325,356,8,327,139,193,14,69,50,311,-45,222,137,-65,0,227,165,182,246,-33,268,178,220,-93,214,25,72,92,365,123,321,-74,291,70,60,207,127,310,345,27,159,-15,11,-27,-63,17,334,30,-61,254,3,-39,94,-56,-32,59,281,38,206,187,197,299,-16,202,95,332,322,382,106,-76,370,349,358,155,307,9,55,360,204,354,198,341,242,156,258,26,89,119,330,98,-22,78,392,313,87,103,-77,83,-37,-71,269,380,-98,24,177,12,239,52,-24,134,2,373,200,372,-8,192,226,306,33,397,387,-25,276,-92,288,-72,104,-18,363,176,265,-69,-57,113,-14,199,124,-47,237,256,-73,384,-26,271,301,121,183,251,-9,253,-60,32,304,335,34,-35,298,40,37,362,131,323,152,-41,215,194,114,175,-90,302,280,-11,241,68,-53,250,172,-30,-79,-96,21,350,233,244,243,196,-28,296,278,371,45,-6,46,154,385,142,208,366,240,359,368,7,-21,255,211,218,346,150,44,16,167,230,100,329,76,232,249,102,82,383,351,48,90,389,229,-85,210,-68,148,149,369,162,339,1,107,223,-78,266,118,221,282,179,-58,-64,286,74,4,-80,203,84,-81,-97,391,-4,189,36,153,-66,287,-88,13,357,343,91,388,319,-1,376,344,-36,56,279,-5,184,289,180,116,309,80,169,42,143,141,300,41,347,248,273,-44,224,355,138,320,-54,161,43,-12,262,-20,314,340,125,-38,228,259,294,361,-67,236,-51,317,186,126,337,15,-29,108,39,293,209,73,-86,336,190,257,353,331,133,99,168,270,170,-89,22,53,62,85,283,201,399,272,185,231,-10,213,93,225,75,101,51,166,284,105,109,122,10,381,195,18,-70,158,274,-31,135,140,315,219,261,348,-75,67,110,64,252,312,-94,130,171,120,151,145,394,393,295,-48,-50,247,285,-84,-2,160,245,128,338,181,378,217,-13,117,-99,374,-49,-23,238,235,-82,386,57,-59,71,20,290,328,6,47,-7,377,-19,352,-3,326,-42,333,163,115,263], [86,379,81,264,396,398,267,367,395,35,146,136,303,157,65,129,31,49,-43,112,144,174,-40,188,375,-34,-83,308,19,79,61,324,63,164,-87,-17,260,58,132,390,234,275,5,-46,54,292,316,191,23,147,111,305,29,77,28,318,-100,-91,66,277,-55,-52,364,342,-62,173,97,212,297,216,325,205,8,356,96,193,14,50,69,139,327,-95,88,-45,222,311,-65,0,182,165,268,178,-33,-93,220,214,72,365,321,123,92,291,70,207,345,310,127,11,-27,-15,334,17,-63,159,3,-39,254,-61,94,30,-56,27,38,281,59,-32,60,-74,25,246,227,187,197,-16,95,382,322,332,-76,349,358,155,370,9,55,307,106,202,299,354,204,341,198,156,258,242,89,26,360,206,137,330,-22,78,313,87,103,392,98,83,-37,-71,-98,177,24,380,12,269,-77,52,134,-24,239,119,373,372,200,-8,192,306,397,-25,276,387,33,-92,226,104,-72,288,363,-18,265,-57,-69,113,199,124,237,-47,-14,-26,384,271,301,-73,183,121,256,-9,251,32,34,335,304,-60,37,40,298,131,152,-41,194,215,323,362,175,-90,280,302,68,-53,241,172,250,-11,-79,-96,21,350,-30,244,233,114,296,-28,196,278,45,371,-6,154,142,385,46,243,-35,366,359,240,-21,255,7,218,346,150,211,368,167,100,230,16,44,76,232,82,102,351,90,389,48,383,210,-85,149,162,369,148,-68,1,339,-78,223,107,221,118,-64,286,4,74,-58,179,282,266,-81,-4,391,-97,189,-66,153,36,-88,357,13,388,91,343,376,-1,344,319,287,84,203,56,-36,-80,229,-5,180,289,184,309,80,169,116,141,300,143,42,347,248,41,279,249,224,-44,138,320,355,161,262,-12,43,-20,-54,273,340,125,-38,259,228,294,-67,236,361,314,317,186,-29,15,337,39,209,73,-86,293,336,108,353,257,331,99,133,190,126,168,-51,329,170,22,-89,53,283,85,62,201,272,231,-10,185,213,399,270,208,51,101,284,166,105,75,225,93,10,122,18,158,-70,274,195,381,135,140,219,261,-75,67,348,315,252,312,-94,130,64,171,110,394,145,151,393,295,-50,285,247,-2,128,245,160,338,-84,181,217,-13,-99,-49,374,-23,235,238,117,386,57,-59,-82,378,-48,120,-31,328,6,290,377,-7,47,352,-42,326,-3,-19,163,263,115,333,20,71,109,253,176,2]	{2,119,176,137,239,-18,253,311,206,-77,-24,288,363,251,109,88,222,227,360,98,269,52,134,226,-72,#,#,256,-9,93,71,-91,-95,-45,#,0,246,299,26,330,392,-71,12,#,#,#,#,192,-92,#,104,-14,121,#,#,208,225,-31,20,-100,#,-55,327,#,#,-65,#,165,25,197,202,242,89,#,#,78,103,-37,#,380,#,-8,#,33,#,#,#,113,-47,-73,183,-35,270,#,75,381,120,#,333,264,318,277,#,96,139,#,#,#,182,214,-74,187,#,-16,106,198,258,#,#,-22,#,87,#,83,#,#,24,200,#,306,387,-69,#,124,237,#,301,#,#,-60,243,329,399,#,105,122,195,110,-48,-19,115,#,81,147,28,66,#,-62,356,#,69,#,#,220,#,92,60,#,#,#,#,332,307,204,341,156,#,#,#,313,#,#,#,-98,177,373,372,#,#,397,276,265,-57,199,#,#,#,271,#,#,304,114,46,44,-51,201,213,166,#,#,10,#,274,315,171,295,378,47,-3,163,263,86,379,-40,23,111,77,#,#,342,#,205,8,14,50,-33,-93,72,123,70,-32,95,322,370,55,#,354,#,#,#,#,#,#,#,#,#,#,#,#,#,#,#,#,-25,#,#,#,#,#,#,#,384,#,32,335,362,233,-6,385,368,16,314,168,62,#,185,#,101,284,#,#,-70,#,140,348,64,#,393,#,181,-82,290,-7,352,326,#,#,#,#,#,#,#,#,#,174,324,191,#,#,305,29,#,364,216,325,#,#,193,#,#,#,#,178,#,#,#,#,365,321,291,#,27,59,#,#,#,382,-76,155,9,#,#,#,#,#,#,-26,#,#,#,34,298,323,-30,244,371,#,154,142,240,211,#,230,273,361,126,#,53,85,272,-10,#,51,#,#,18,158,135,#,261,67,#,130,151,#,-84,#,117,-59,#,6,#,377,#,#,#,-42,303,144,-34,61,63,316,#,#,#,#,-52,#,212,297,#,#,#,#,268,#,#,#,#,#,#,#,127,-56,#,281,#,#,#,#,358,#,#,#,#,#,#,#,#,40,131,215,-11,350,#,#,278,45,#,#,#,#,366,359,7,150,167,100,249,-54,294,236,186,190,-89,#,#,283,#,#,231,#,#,#,#,#,#,#,#,#,219,#,-75,#,-94,#,#,145,247,338,-13,238,57,#,328,#,#,#,#,#,#,136,49,112,375,#,19,79,#,#,58,292,#,#,97,#,#,#,#,#,207,310,30,#,#,38,349,#,#,37,#,#,-41,194,302,250,21,#,196,#,#,#,#,#,#,#,#,255,346,#,#,#,#,#,232,279,355,-20,228,#,-67,#,317,#,108,133,170,22,#,#,#,#,#,#,#,#,312,#,#,394,-50,285,160,#,217,#,-23,235,386,#,#,#,267,146,#,31,#,-43,#,188,-83,308,#,#,-87,260,5,54,#,173,#,#,#,345,159,94,#,#,#,#,#,#,152,#,#,#,-90,280,241,172,-96,#,#,-28,-21,#,218,#,76,#,229,41,-44,320,43,#,-38,259,#,#,#,#,337,336,331,99,#,#,#,#,252,#,#,#,#,#,#,#,-2,245,#,#,374,#,#,#,#,#,398,#,395,35,#,129,#,#,#,#,#,#,#,#,164,#,-17,#,132,275,#,-46,#,#,#,#,#,-63,-61,#,#,#,175,#,#,#,#,-53,#,#,-79,#,#,296,#,#,#,#,#,#,383,-80,42,248,#,224,138,#,161,-12,125,#,#,#,#,15,293,#,257,#,#,#,#,#,#,#,#,128,-99,-49,#,396,#,367,#,#,157,65,#,#,#,#,#,#,#,234,#,#,-15,17,#,254,#,#,68,#,#,#,#,#,102,48,266,-36,116,143,347,#,#,#,#,#,#,#,#,262,340,#,#,-29,39,-86,#,353,#,#,#,#,#,#,#,#,#,#,#,#,#,#,390,#,#,-27,#,334,#,-39,#,#,#,82,351,389,107,282,203,56,184,169,#,300,#,#,#,#,#,#,#,#,#,#,73,#,#,#,#,#,11,#,#,#,3,#,#,#,#,#,90,#,339,223,118,179,#,84,#,#,-5,289,80,#,141,#,209,#,#,#,#,#,#,#,-68,1,#,-78,#,221,#,-58,#,287,#,#,#,180,309,#,#,#,#,#,-85,148,#,#,#,#,#,#,#,74,36,319,#,#,#,#,#,210,#,369,286,4,189,153,343,344,#,#,149,162,-64,#,#,#,-97,#,#,-66,13,91,-1,#,#,#,#,#,#,#,-81,391,#,#,-88,357,#,388,#,376,#,#,#,-4}
[104,377,-810,-1130,-1452,-1345,1747,1348,2438,2160,316,-1853,2584,-278,620,-1102,-495,-893,2188,-970,-553,-1036,-1062,1402,283,1827,-1412,1093,-529,-928,2801,-239,2927,-1202,1961,-630,-1139,951,-1764,-1757,2958,2609,2239,-682,2543,1965,-58,163,755,-1165,1882,2208,-892,934,-1671,-410,2936,1898,533,1731,528,2080,-918,2918,-1895,-1221,2408,671,-1716,2366,-260,2604,-1739,607,1344,1165,-264,1777,-30,373,-468,2466,299,1964,2717,-508,2794,-257,-1913,185,250,1142,892,848,-456,-1674,1060,-1643,997,-68,-1395,-329,-1809,1284,304,-1601,-868,2803,1488,1593,2298,2412,-1542,-13,2110,1023,2832,-425,731,-309,1678,2129,-1065,1172,-739,584,1207,-337,61,2259,1535,775,-784,-181,842,-1767,967,807,1826,1544,1266,2205,2590,-1135,-1929,1728,-1780,2037,-941,-1388,803,-1488,1899,2494,-994,-165,-1571,1042,1422,275,-1866,1699,1586,301,-1750,-807,-243,1517,-681,-169,1990,2211,2391,-1646,-1187,-645,-1014,1631,2236,-1520,-241,1910,-1697,-406,-131,-182,261,-272,-851,169,1957,-1545,2292,-93,2011,943,1564,2076,308,922,187,570,-1630,-439,-459,-1556,124,1931,879,1188,173,-1551,937,2697,896,105,918,1768,414,-1504,1373,-644,-1803,904,2429,1290,-1788,-760,782,2873,1183,819,-1305,-540,2539,-1329,-1243,812,930,2340,2529,728,1308,986,2899,1033,-1600,1050,-1611,993,-979,-1375,-845,-1103,872,-677,461,-1416,2770,-191,1497,1832,-690,-10,2464,-1133,1798,2549,1857,-1654,1200,2938,-1616,1758,632,1078,2121,-1915,-372,-1693,1975,1099,1180,1565,2598,-1678,2207,-397,-1816,2339,-1567,1031,-188,-1431,-1626,-700,-323,-564,-550,-269,-639,-615,-584,2651,1602,2102,652,1332,2575,2579,894,-766,2769,-926,694,2906,-1857,751,-796,77,-499,-1298,1627,400,2185,306,2118,-163,2196,-66,91,1665,-1164,1393,25,-1919,969,2291,1288,2173,2919,345,1771,-1706,513,-552,2891,1543,-211,-535,492,-168,1519,295,715,832,2798,396,2669,-1732,-999,-1155,2309,1600,2288,2667,1452,2963,1456,2035,900,-6,2727,-1512,-1921,2489,-1218,72,1520,571,-328,-69,-1937,1412,2384,-1002,-518,-1137,-115,-714,0,-787,1019,-806,-900,2506,-186,6,1104,2119,1592,407,2795,-1569,-1425,1297,1485,-1343,2920,-103,2374,1688,2713,-1820,-821,408,-1096,-1074,1613,2531,789,-1061,-1665,1695,1980,1021,-1870,-1378,-625,-713,-1206,1271,550,-1215,2342,-1944,-1960,2999,-1657,-1056,-1018,2215,-1307,300,2743,-1606,1070,-236,-1449,-1256,1201,-1580,2790,81,-450,890,1822,1368,-423,2925,869,-1771,790,2967,-1742,-986,132,-334,648,2265,2468,1524,-1951,1484,1533,289,2553,1743,468,-351,2973,-124,-989,-1331,2915,750,51,1745,-365,335,393,160,737,2793,995,-1740,209,229,2661,-530,-1247,1662,-1810,1757,-427,-701,1803,1643,-1708,-1320,479,2038,-31,2719,478,190,684,826,-617,1244,450,-805,-1494,2776,591,2564,-1471,102,267,-527,376,2580,-717,1605,-981,1384,-688,-396,-1584,-1696,2499,-298,2644,470,183,1727,-11,689,1053,-1683,948,2536,2877,2313,-595,1482,285,2842,1186,1601,-1486,2477,101,171,2229,-151,2381,1161,-1873,2863,1880,1590,-952,-1948,613,576,2235,1313,-575,1619,112,1742,-937,-515,-292,1574,-1083,736,-1854,-94,224,746,2112,1493,2585,1903,2677,2163,1912,-859,1726,276,-512,598,-659,1828,794,2952,-1255,-187,-1650,-882,730,1453,2117,-1240,1447,769,1229,2443,-1655,1660,2294,-925,1153,-661,2756,2175,-602,1075,-107,2356,1234,2179,150,2131,-1455,-139,619,1836,211,-818,153,1635,-1959,-1468,1851,-1700,-948,956,1294,-891,2403,1302,1063,127,-244,1466,1529,1649,946,1235,-1904,1128,645,16,-658,2133,-1401,1553,1895,502,-1413,-912,-1589,-731,-881,2546,2226,-1227,-612,-175,1949,-313,1963,1770,1443,1364,2901,-321,767,-651,165,248,1444,2914,2583,947,360,-1029,314,1495,241,214,-808,-1581,1112,-46,1018,1952,-223,1322,-1346,1445,-1142,1413,2984,130,564,-666,2812,-1353,2098,2447,1024,1805,-954,460,-76,-1578,878,1894,1440,-1663,-1783,1115,198,912,-1172,-271,459,-1524,2310,1534,-519,-420,2957,-780,-1711,1159,-1957,-102,-1821,2775,2555,-59,1449,2626,290,262,83,2843,-1462,-132,-1124,1580,2462,779,-820,2000,-1510,270,-421,638,1999,-377,70,-1812,2691,-574,-375,1408,2249,-1553,-1302,-1333,-1421,781,2019,-1916,2247,-606,2524,1015,2445,-417,1606,-105,2638,2246,2633,-1855,-285,2393,-233,2402,-667,212,-1908,518,2909,-721,641,2140,2346,2225,2361,-1613,2560,1330,-1563,2866,-510,332,1472,-1949,-1946,-222,149,763,1168,-1232,-593,157,-478,-1317,1347,2178,-870,341,2087,2851,-1506,1336,2069,2194,399,2078,1641,1617,2737,1441,-256,2912,1656,2848,2540,-1234,552,2051,-906,2944,1750,403,-1638,1820,230,-909,2432,762,465,-82,-1347,1508,-199,-454,-1046,795,699,891,1719,-1041,2764,2485,-638,-485,-1219,1919,-1798,-1887,556,517,2167,-901,-957,-1811,-1914,649,882,984,-305,-1323,-300,-712,2538,-207,1135,2370,1531,-1533,-773,2094,-804,-274,-225,-161,-1903,2105,1853,1277,-200,-1198,1257,-1201,1765,-1336,-148,2768,-1270,835,2460,2502,-1173,368,2257,-1592,1375,-765,2518,-89,-1473,-526,73,2380,2951,1208,586,2316,2354,-1151,-533,129,1217,1981,-622,1460,727,172,2287,1552,2256,2015,-1131,914,-940,-399,2617,2612,-1658,-1682,1933,2070,-972,1008,-571,1527,-248,606,-624,74,2478,-641,1510,-349,2819,-1541,-1110,-1932,2735,2474,-768,1628,547,1178,-1865,1512,-1945,-908,1830,-1523], [104,-810,1348,1747,-1345,2438,-1452,-1130,2160,-1853,2584,316,377,620,-893,-495,-1102,-278,283,1402,-1062,-1036,-553,-970,1827,1093,-529,-239,-1202,1961,2927,2801,-928,-1139,-1764,951,-630,-1412,2609,2958,-1757,2239,2188,-58,1965,755,163,1882,2208,-1165,-1671,-410,934,-892,2543,533,1731,528,1898,2936,-682,-918,2918,-1221,671,2408,-1895,-260,2366,-1716,-1739,607,2604,-264,1165,-30,373,299,-508,2717,1964,2466,-468,1777,-1913,185,-257,892,1142,250,2794,-1674,1060,-456,848,1344,-1395,-68,-329,997,1284,-1809,-1601,-868,304,-1643,1593,1488,2412,2110,-13,-1542,-425,-309,1678,731,2832,-1065,-739,584,1207,1172,-337,2129,1023,2298,1535,2259,842,-1767,1826,807,967,2205,2590,1266,-1929,-1780,2037,1728,-1135,1544,-181,-784,-1388,803,-941,775,-1488,61,2803,-994,-165,1042,-1571,1422,-1866,1586,301,1699,275,2494,-243,1517,-807,-1750,1899,2080,-169,2211,2391,1990,-1187,-645,2236,1631,-1520,-1014,-1646,-241,-1697,-131,-406,-182,-272,261,1910,-851,-1545,1957,169,-93,943,2011,2076,308,1564,187,-1630,-459,-439,570,124,-1556,922,2292,879,-1551,173,1188,2697,937,918,105,414,1373,-1504,1768,896,-1803,2429,904,-1788,1290,782,819,1183,-540,2539,-1305,-1243,-1329,930,2529,2340,1308,1033,-1600,2899,986,1050,993,-979,-1611,728,812,2873,872,-1103,-845,461,-1416,-677,-1375,-760,-191,1832,-690,1497,2770,-644,1931,2464,1798,2549,-1133,1200,2938,-1654,1857,-1616,1078,2121,632,-372,1975,-1693,-1915,1565,1180,1099,-1678,-397,-1816,2207,-1567,2339,-188,-1431,1031,-700,-1626,-323,-269,-550,-639,-584,2102,1602,2651,652,-615,-564,2598,894,2579,2575,2769,694,-926,-1857,751,2906,77,-796,-766,1627,2185,-163,2118,-66,2196,306,400,-1298,25,1393,969,-1919,2291,-1164,1665,2173,345,-1706,1771,2919,2891,1543,-211,-552,492,-535,513,1288,1519,715,832,2798,295,-168,91,-499,1332,1758,2669,-999,-1732,396,1600,2288,2667,2309,2963,1456,900,2035,-1512,2727,-6,2489,-1218,571,1520,72,-69,-1937,1412,-518,-1002,-714,0,-115,-1137,1019,-806,-787,2384,-328,-1921,-186,2506,1104,6,1592,407,2119,-1569,2795,1297,-1343,1485,-103,2920,1688,408,-821,-1096,-1074,-1820,2713,2374,2531,789,1613,-1425,-900,1452,-1155,-1665,1980,1021,-1870,-713,-625,-1206,1271,-1378,-1215,-1960,-1944,2999,-1056,-1018,2215,-1657,2342,-1307,2743,-1606,300,-1256,1201,-1449,-236,-1580,-450,890,81,-423,1368,1822,2790,-1771,790,869,2925,1070,-1742,-986,648,2468,2265,1524,-334,-1951,1533,289,2553,-351,468,-124,2973,1743,-1331,-989,1484,132,750,51,-365,1745,2915,2967,160,393,737,995,2793,209,2661,229,-1740,1757,-1810,-701,1803,-1320,-1708,1643,2038,2719,-31,479,190,684,478,-427,1662,1244,-617,-805,450,2776,591,-1494,826,-1247,-530,102,2580,376,-527,267,-717,-1471,-688,-1584,-396,1384,-981,2499,2644,-298,-1696,1605,2564,183,-11,1053,689,948,1482,-595,2313,2877,2536,2842,285,-1683,1186,1727,470,2477,-1486,171,2381,1161,1590,-952,1880,2863,-1948,-1873,576,-575,1619,112,1742,1313,2235,-937,613,-151,2229,101,1601,335,550,1695,-1061,-10,1574,-1854,736,-1083,746,224,1493,2112,1903,2163,1912,-859,2677,1726,-512,-659,794,2952,1828,598,276,2585,-1650,-882,-187,730,-1255,-94,-292,2117,-1240,769,2443,1229,2294,1660,-925,-661,1153,2175,2756,-602,1234,2356,150,2131,2179,-107,1075,-1655,-139,-1455,1447,1836,153,1635,-818,1851,-1468,-948,956,-891,2403,1294,1063,1466,-244,127,1302,-1904,1128,1235,946,645,1649,1529,-1700,-1959,211,-658,-1401,1895,1553,-1413,-912,502,-731,2226,2546,-1227,-881,-313,1949,-175,-612,-1589,2133,16,1770,1443,-321,2901,165,-651,248,767,947,2583,2914,-1029,314,360,241,-808,214,1112,-1581,1495,1444,1018,-46,1364,-223,1445,-1346,1322,-1142,130,2984,-666,-1353,2812,564,2447,2098,1413,1952,1963,619,-954,-76,-1578,460,878,1805,-1663,1440,198,-1172,912,-271,1115,-1783,1894,2310,1534,-1524,459,-519,2957,-780,-1711,-420,-1957,1159,2775,2555,-1821,290,2626,83,2843,-1462,262,-1124,-132,779,-820,2462,-1510,2000,-421,270,1580,1449,1999,638,-59,-1812,-574,2691,2249,1408,-375,70,-1302,-1553,-377,781,-1421,-1333,-102,1024,1453,-1916,2247,2524,-417,2445,1606,-105,2633,2246,2638,1015,-606,-1855,-233,212,-667,-1908,2402,2393,2909,641,-721,2346,2140,2225,518,2866,-1563,1330,2560,-1949,1472,332,-510,-1613,-222,-1946,2361,-285,1168,-1232,763,-478,157,-593,149,1347,341,2087,-870,2178,1336,2194,2078,399,1617,1641,2069,-1506,2851,-1317,2019,-515,2912,1656,-256,2848,-1234,2051,552,2540,1750,2944,1820,230,-1638,2432,-909,403,-906,1441,465,-1347,1508,-454,699,795,-1046,-199,-1041,1719,-638,2485,-1219,1919,-485,2764,556,-901,2167,517,-1887,-1798,891,-82,762,649,984,882,-1914,-300,-1323,-305,-207,2538,-712,1135,-1811,-773,-1533,-274,-804,-161,-225,-1903,2094,1531,1277,-1198,-200,1853,2105,-1201,1765,1257,2768,-1270,-148,2460,835,-1173,2502,2257,368,1375,-765,-1592,2518,-1473,2380,73,-526,-89,-1336,2370,1208,586,2316,-1151,129,1981,1460,-622,1217,2287,172,727,-533,2354,2256,914,2617,2612,-399,-940,-1131,1933,-1682,2070,-1658,2015,1008,-972,606,-248,1527,-571,1552,2951,2478,1510,-349,-1110,-1541,2819,-1932,-641,-768,2474,2735,74,547,1178,1512,-1945,1830,-1523,-908,-1865,1628,-624,-957,2737,-681]	{-681,2080,2737,-682,1899,-515,-957,2188,2936,2803,-1750,-10,2019,762,-624,-278,2239,2543,1898,-1643,61,2494,-807,1931,-1061,1453,-1317,1441,-82,2951,1628,377,-1102,-1757,#,#,-892,#,528,1344,304,2298,-1488,#,275,#,1517,2292,-644,-1155,1695,-292,1024,149,2851,#,-906,465,891,2370,1552,74,-1865,104,316,620,-495,-1412,2958,-1165,934,1731,#,2604,848,-1809,-868,1488,1023,775,#,1422,1699,-243,#,169,922,896,2770,396,1452,-1665,550,#,-94,619,-102,-285,-593,2178,-1506,2540,403,#,#,-199,-1798,-1811,-1336,2354,-571,#,2735,1178,-908,#,#,2160,2584,#,#,#,-893,1827,-630,#,2609,163,2208,#,-410,533,#,-1716,607,2794,-456,997,1284,-1601,#,#,1593,-1542,2129,2259,-941,-1571,#,-1866,301,#,#,-851,1957,1564,-1556,937,1768,-760,1497,1758,-1732,2309,-900,#,#,-1378,335,-1083,-1255,1447,1963,1159,-1333,-1855,2361,763,157,1347,-870,#,2069,2848,552,2944,-909,1508,-1046,2764,-1887,#,1135,1257,-89,2316,-533,-972,1527,-641,2474,547,#,-1945,-1523,-1130,#,-1853,#,#,#,-970,#,-928,951,#,#,1965,755,1882,#,-1671,#,#,#,-1895,2366,-1739,#,1777,250,#,1060,#,-329,#,#,#,#,#,#,2412,-13,2832,-337,#,1535,-784,803,-165,1042,#,#,1586,#,1910,#,#,-1545,2011,308,570,124,1188,2697,105,-1504,1290,-1375,-191,-690,-1616,1332,2669,-999,#,2667,-1921,-1425,-1870,1271,2967,1601,1574,736,2585,730,-1240,-1455,16,1952,-420,-1957,-377,-1421,-606,#,518,-1946,#,-1232,#,-478,#,#,#,2087,1336,1641,-256,#,-1234,2051,#,1750,-1638,2432,-1347,#,-454,795,1719,-485,#,517,-712,#,2105,1765,2518,-526,586,#,-1151,727,2015,1008,#,-248,2478,-1932,#,-768,#,#,1512,#,1830,#,-810,-1452,#,#,#,-553,-529,2801,-1139,-1764,#,-58,#,#,#,#,#,#,2918,2408,#,-260,#,#,1165,-468,-257,1142,-1674,#,-68,#,#,#,#,2110,#,731,1172,#,#,#,#,-181,-1388,#,-994,#,#,#,#,#,-241,261,#,#,-93,943,2076,#,187,-439,#,#,879,173,#,#,#,918,414,1373,904,-1788,2873,-677,#,#,1832,#,1857,#,2598,-499,#,#,#,#,2288,#,-6,-328,2795,1613,1021,#,-1206,#,1070,2915,470,101,#,#,#,-1854,2112,276,-187,#,2117,#,-1655,-139,211,2133,1364,1413,-519,-1711,#,#,-59,-1553,#,781,2247,1015,2393,2225,-1613,-222,1168,#,#,#,341,#,#,#,399,1617,#,1656,#,#,#,#,#,#,#,230,#,#,#,#,#,#,#,699,#,-1041,2485,1919,556,2167,-305,2538,1531,1853,-1201,#,-1592,#,-1473,73,1208,#,#,#,1217,172,2256,-1658,#,#,#,606,#,#,2819,#,#,#,#,#,#,#,#,#,#,2438,#,-1036,1093,#,#,2927,#,#,#,#,#,#,-918,#,-1221,671,#,#,#,-264,373,2466,#,185,#,892,#,#,#,-1395,#,#,-425,1678,-1065,1207,#,1544,#,#,#,#,-1646,#,-182,-272,#,#,#,#,#,#,#,#,-1630,-459,#,#,#,-1551,#,#,#,#,#,#,-1803,2429,#,#,782,812,-845,-1416,#,#,-1133,-1654,1099,-564,-766,91,1600,#,2035,2727,72,2384,2119,-1569,2374,789,1980,#,-625,#,300,2925,132,1745,2564,1727,-1486,2229,#,#,224,1493,1726,598,#,-882,#,#,1229,1075,#,#,1836,-1959,-658,-1589,1443,-46,-1142,2098,459,#,-780,#,-1821,638,70,-1302,#,#,-1916,#,2524,2638,#,2402,2140,#,#,-510,#,#,#,#,#,#,2194,2078,#,#,2912,#,1820,#,#,#,#,#,#,-638,-1219,#,#,#,#,-901,-1914,-1323,#,-207,#,2094,#,-200,#,#,368,-765,#,#,#,2380,#,#,129,-622,#,2287,#,#,-1131,2070,#,#,-349,-1541,-1345,#,#,-1062,#,#,-239,1961,#,#,#,#,#,#,#,#,-30,#,#,1964,-1913,#,#,#,#,#,#,#,-309,#,#,#,584,#,967,-1135,1990,-1014,-406,#,#,#,#,#,#,#,#,#,#,#,#,#,#,#,-1329,728,#,-1103,461,#,2464,2549,#,2938,-1915,1180,-323,-615,2575,-796,-1298,-168,#,#,1456,900,#,-1512,-1218,1520,1412,-787,6,407,#,#,2920,2713,2531,#,#,#,#,-713,-1307,-1606,2790,869,-986,1484,51,-365,-530,1605,183,1186,#,2477,171,-151,#,746,#,#,2677,#,-512,1828,-1650,#,769,2443,-602,-107,#,#,-818,-1700,#,#,502,-612,1770,#,1444,1018,1322,#,564,2447,1894,-1524,2957,#,#,2555,1449,1999,#,-375,#,#,#,#,#,#,-105,2246,-233,-1908,-721,2346,2560,332,#,#,#,#,#,#,#,#,#,#,#,#,#,#,#,882,#,-300,#,#,-1533,-1903,1277,-1198,2502,2257,1375,#,#,#,#,#,1981,1460,#,#,#,-940,-1682,#,1510,#,#,-1110,#,1747,#,1402,#,#,-1202,#,#,#,299,2717,#,#,#,#,-739,#,-1767,807,1266,1728,-169,2391,-645,-1520,-1697,-131,-1305,-1243,2340,-1611,#,872,#,#,#,#,1798,#,1200,#,632,-1693,#,1565,-1626,#,-639,652,#,2579,2906,77,#,400,1288,295,2963,#,#,#,#,#,2489,#,#,571,-1937,#,-1137,-806,2506,1104,1592,#,1485,-103,1688,-1820,#,#,#,#,2342,#,2743,#,-1580,1822,#,790,-1742,#,-1951,-989,750,#,#,#,-1740,-1247,-1471,-1696,#,#,-1683,#,#,#,#,#,#,613,#,#,1903,-859,#,#,-659,2952,#,#,#,#,#,#,2756,#,#,2179,#,1635,-1468,1529,1553,-912,-881,-175,#,#,767,1495,#,#,-223,-1346,2984,2812,#,#,1805,-1783,#,1534,#,#,2775,#,#,1580,#,#,2691,1408,1606,#,#,2633,#,#,-667,#,2909,641,#,#,#,1330,#,1472,649,984,#,#,#,-773,-225,#,#,#,#,#,835,-1173,#,#,#,#,#,#,#,#,914,-399,#,1933,#,#,#,#,#,1348,#,283,#,#,#,#,#,-508,#,#,842,#,#,1826,#,2590,-1929,2037,#,#,2211,#,-1187,#,1631,#,#,#,#,#,1183,2539,#,#,930,2529,1050,-979,#,#,#,#,#,#,#,2121,-372,1975,#,#,1031,-700,-550,#,2651,#,#,894,-926,751,#,#,1627,306,1665,513,1519,2798,#,#,#,#,#,#,-69,#,-1002,-115,1019,#,#,-186,#,#,#,#,1297,-1343,#,#,#,#,#,-1074,-1215,-1657,#,#,-236,#,81,1368,-1771,#,#,#,-334,#,1743,-1331,#,#,2793,229,#,826,#,-717,-981,-298,689,285,-1873,-937,#,#,1912,#,#,#,794,#,1153,2175,2356,2131,153,#,#,1851,1302,1649,-1401,1895,-1413,#,-731,-1227,#,1949,2901,248,360,-1581,#,#,#,1445,#,130,-666,-1353,#,878,1440,1115,2310,#,#,#,-132,270,-1812,-574,#,2249,2445,#,#,#,#,212,#,#,#,#,#,-1563,#,-1949,#,#,#,#,#,#,-804,-161,-148,2460,#,#,#,#,#,2612,#,#,#,#,#,#,#,#,#,#,#,#,2205,#,#,#,-1780,#,#,#,#,#,#,2236,#,819,-540,#,#,#,#,#,986,#,993,#,1078,#,#,#,#,#,2339,-1431,#,#,#,-269,-584,1602,#,#,2769,694,-1857,#,#,#,2185,2196,#,-1164,2919,-535,#,#,832,#,#,#,#,-518,#,0,#,#,#,#,#,#,#,#,-1096,#,#,#,2999,2215,#,-1449,#,890,#,-423,#,#,#,1524,2553,2973,#,#,737,995,209,2661,1662,-1494,267,#,#,1384,2499,2644,-11,1053,2536,2842,1161,-1948,2235,#,2163,#,#,#,-925,-661,#,#,#,1234,150,#,#,#,#,#,1294,127,#,645,#,#,#,#,#,#,#,#,2546,#,#,-313,#,-321,-651,#,2914,314,214,1112,#,#,#,#,#,#,#,#,460,#,#,-1663,#,-271,#,#,262,-1124,2000,-421,#,#,#,#,#,#,#,-417,#,#,#,2866,#,#,#,-274,#,#,#,-1270,#,#,2617,#,#,#,#,#,#,#,#,#,#,#,1308,2899,#,#,#,#,2207,-1567,-188,#,#,#,#,#,#,2102,#,#,#,#,#,#,#,#,2118,-66,#,2291,2173,1771,-552,492,715,#,#,#,-714,#,-821,#,-1944,#,-1018,#,#,1201,-450,#,#,#,2265,#,289,#,468,-124,393,#,#,#,#,#,#,#,#,-427,450,591,102,-527,#,-396,#,#,#,#,#,#,#,#,948,2877,#,#,2381,#,2863,#,576,1313,#,#,1660,#,#,#,#,#,#,#,956,2403,1063,-244,946,#,#,2226,#,#,#,#,#,165,#,2583,-1029,#,241,-808,#,#,-954,-1578,#,#,912,#,2626,-1462,#,#,2462,-1510,#,#,#,#,#,#,#,#,2768,#,#,#,#,#,#,-1600,-1678,-1816,#,#,#,#,#,#,#,-163,#,#,-1919,#,#,#,345,-1706,#,-211,#,#,#,#,#,#,#,408,#,-1960,-1056,#,-1256,#,#,#,648,2468,1533,#,#,-351,#,#,#,160,-1810,478,-617,-805,2776,#,#,#,#,376,-688,-1584,#,#,#,2313,#,#,#,1880,#,#,#,1742,#,2294,-948,#,-891,#,#,#,#,1466,#,1235,#,#,#,#,#,947,#,#,#,#,#,#,#,#,-76,#,198,-1172,#,290,2843,#,#,-820,#,#,#,#,1033,#,#,#,-397,#,#,#,1393,969,#,#,#,#,1543,#,#,#,#,#,#,#,#,#,#,#,#,#,#,#,#,#,#,#,#,1757,479,684,#,1244,#,#,#,#,#,2580,#,#,#,#,#,-595,#,-952,112,#,#,#,#,#,#,#,#,#,#,1128,#,#,#,#,#,#,#,#,#,#,83,#,779,#,#,#,#,#,#,25,#,#,2891,#,#,#,1643,-31,190,#,#,#,#,#,#,1482,1590,#,1619,#,-1904,#,#,#,#,#,#,#,#,#,1803,-1708,2038,2719,#,#,#,#,#,#,-575,#,#,#,-701,#,#,-1320}
[-999,-998,-997,-996,-995,-994,-993,-992,-991,-990,-989,-988,-987,-986,-985,-984,-983,-982,-981,-980,-979,-978,-977,-976,-975,-974,-973,-972,-971,-970,-969,-968,-967,-966,-965,-964,-963,-962,-961,-960,-959,-958,-957,-956,-955,-954,-953,-952,-951,-950,-949,-948,-947,-946,-945,-944,-943,-942,-941,-940,-939,-938,-937,-936,-935,-934,-933,-932,-931,-930,-929,-928,-927,-926,-925,-924,-923,-922,-921,-920,-919,-918,-917,-916,-915,-914,-913,-912,-911,-910,-909,-908,-907,-906,-905,-904,-903,-902,-901,-900,-899,-898,-897,-896,-895,-894,-893,-892,-891,-890,-889,-888,-887,-886,-885,-884,-883,-882,-881,-880,-879,-878,-877,-876,-875,-874,-873,-872,-871,-870,-869,-868,-867,-866,-865,-864,-863,-862,-861,-860,-859,-858,-857,-856,-855,-854,-853,-852,-851,-850,-849,-848,-847,-846,-845,-844,-843,-842,-841,-840,-839,-838,-837,-836,-835,-834,-833,-832,-831,-830,-829,-828,-827,-826,-825,-824,-823,-822,-821,-820,-819,-818,-817,-816,-815,-814,-813,-812,-811,-810,-809,-808,-807,-806,-805,-804,-803,-802,-801,-800,-799,-798,-797,-796,-795,-794,-793,-792,-791,-790,-789,-788,-787,-786,-785,-784,-783,-782,-781,-780,-779,-778,-777,-776,-775,-774,-773,-772,-771,-770,-769,-768,-767,-766,-765,-764,-763,-762,-761,-760,-759,-758,-757,-756,-755,-754,-753,-752,-751,-750,-749,-748,-747,-746,-745,-744,-743,-742,-741,-740,-739,-738,-737,-736,-735,-734,-733,-732,-731,-730,-729,-728,-727,-726,-725,-724,-723,-722,-721,-720,-719,-718,-717,-716,-715,-714,-713,-712,-711,-710,-709,-708,-707,-706,-705,-704,-703,-702,-701,-700,-699,-698,-697,-696,-695,-694,-693,-692,-691,-690,-689,-688,-687,-686,-685,-684,-683,-682,-681,-680,-679,-678,-677,-676,-675,-674,-673,-672,-671,-670,-669,-668,-667,-666,-665,-664,-663,-662,-661,-660,-659,-658,-657,-656,-655,-654,-653,-652,-651,-650,-649,-648,-647,-646,-645,-644,-643,-642,-641,-640,-639,-638,-637,-636,-635,-634,-633,-632,-631,-630,-629,-628,-627,-626,-625,-624,-623,-622,-621,-620,-619,-618,-617,-616,-615,-614,-613,-612,-611,-610,-609,-608,-607,-606,-605,-604,-603,-602,-601,-600,-599,-598,-597,-596,-595,-594,-593,-592,-591,-590,-589,-588,-587,-586,-585,-584,-583,-582,-581,-580,-579,-578,-577,-576,-575,-574,-573,-572,-571,-570,-569,-568,-567,-566,-565,-564,-563,-562,-561,-560,-559,-558,-557,-556,-555,-554,-553,-552,-551,-550,-549,-548,-547,-546,-545,-544,-543,-542,-541,-540,-539,-538,-537,-536,-535,-534,-533,-532,-531,-530,-529,-528,-527,-526,-525,-524,-523,-522,-521,-520,-519,-518,-517,-516,-515,-514,-513,-512,-511,-510,-509,-508,-507,-506,-505,-504,-503,-502,-501,-500,-499,-498,-497,-496,-495,-494,-493,-492,-491,-490,-489,-488,-487,-486,-485,-484,-483,-482,-481,-480,-479,-478,-477,-476,-475,-474,-473,-472,-471,-470,-469,-468,-467,-466,-465,-464,-463,-462,-461,-460,-459,-458,-457,-456,-455,-454,-453,-452,-451,-450,-449,-448,-447,-446,-445,-444,-443,-442,-441,-440,-439,-438,-437,-436,-435,-434,-433,-432,-431,-430,-429,-428,-427,-426,-425,-424,-423,-422,-421,-420,-419,-418,-417,-416,-415,-414,-413,-412,-411,-410,-409,-408,-407,-406,-405,-404,-403,-402,-401,-400,-399,-398,-397,-396,-395,-394,-393,-392,-391,-390,-389,-388,-387,-386,-385,-384,-383,-382,-381,-380,-379,-378,-377,-376,-375,-374,-373,-372,-371,-370,-369,-368,-367,-366,-365,-364,-363,-362,-361,-360,-359,-358,-357,-356,-355,-354,-353,-352,-351,-350,-349,-348,-347,-346,-345,-344,-343,-342,-341,-340,-339,-338,-337,-336,-335,-334,-333,-332,-331,-330,-329,-328,-327,-326,-325,-324,-323,-322,-321,-320,-319,-318,-317,-316,-315,-314,-313,-312,-311,-310,-309,-308,-307,-306,-305,-304,-303,-302,-301,-300,-299,-298,-297,-296,-295,-294,-293,-292,-291,-290,-289,-288,-287,-286,-285,-284,-283,-282,-281,-280,-279,-278,-277,-276,-275,-274,-273,-272,-271,-270,-269,-268,-267,-266,-265,-264,-263,-262,-261,-260,-259,-258,-257,-256,-255,-254,-253,-252,-251,-250,-249,-248,-247,-246,-245,-244,-243,-242,-241,-240,-239,-238,-237,-236,-235,-234,-233,-232,-231,-230,-229,-228,-227,-226,-225,-224,-223,-222,-221,-220,-219,-218,-217,-216,-215,-214,-213,-212,-211,-210,-209,-208,-207,-206,-205,-204,-203,-202,-201,-200,-199,-198,-197,-196,-195,-194,-193,-192,-191,-190,-189,-188,-187,-186,-185,-184,-183,-182,-181,-180,-179,-178,-177,-176,-175,-174,-173,-172,-171,-170,-169,-168,-167,-166,-165,-164,-163,-162,-161,-160,-159,-158,-157,-156,-155,-154,-153,-152,-151,-150,-149,-148,-147,-146,-145,-144,-143,-142,-141,-140,-139,-138,-137,-136,-135,-134,-133,-132,-131,-130,-129,-128,-127,-126,-125,-124,-123,-122,-121,-120,-119,-118,-117,-116,-115,-114,-113,-112,-111,-110,-109,-108,-107,-106,-105,-104,-103,-102,-101,-100,-99,-98,-97,-96,-95,-94,-93,-92,-91,-90,-89,-88,-87,-86,-85,-84,-83,-82,-81,-80,-79,-78,-77,-76,-75,-74,-73,-72,-71,-70,-69,-68,-67,-66,-65,-64,-63,-62,-61,-60,-59,-58,-57,-56,-55,-54,-53,-52,-51,-50,-49,-48,-47,-46,-45,-44,-43,-42,-41,-40,-39,-38,-37,-36,-35,-34,-33,-32,-31,-30,-29,-28,-27,-26,-25,-24,-23,-22,-21,-20,-19,-18,-17,-16,-15,-14,-13,-12,-11,-10,-9,-8,-7,-6,-5,-4,-3,-2,-1,0,1,2,3,4,5,6,7,8,9,10,11,12,13,14,15,16,17,18,19,20,21,22,23,24,25,26,27,28,29,30,31,32,33,34,35,36,37,38,39,40,41,42,43,44,45,46,47,48,49,50,51,52,53,54,55,56,57,58,59,60,61,62,63,64,65,66,67,68,69,70,71,72,73,74,75,76,77,78,79,80,81,82,83,84,85,86,87,88,89,90,91,92,93,94,95,96,97,98,99,100,101,102,103,104,105,106,107,108,109,110,111,112,113,114,115,116,117,118,119,120,121,122,123,124,125,126,127,128,129,130,131,132,133,134,135,136,137,138,139,140,141,142,143,144,145,146,147,148,149,150,151,152,153,154,155,156,157,158,159,160,161,162,163,164,165,166,167,168,169,170,171,172,173,174,175,176,177,178,179,180,181,182,183,184,185,186,187,188,189,190,191,192,193,194,195,196,197,198,199,200,201,202,203,204,205,206,207,208,209,210,211,212,213,214,215,216,217,218,219,220,221,222,223,224,225,226,227,228,229,230,231,232,233,234,235,236,237,238,239,240,241,242,243,244,245,246,247,248,249,250,251,252,253,254,255,256,257,258,259,260,261,262,263,264,265,266,267,268,269,270,271,272,273,274,275,276,277,278,279,280,281,282,283,284,285,286,287,288,289,290,291,292,293,294,295,296,297,298,299,300,301,302,303,304,305,306,307,308,309,310,311,312,313,314,315,316,317,318,319,320,321,322,323,324,325,326,327,328,329,330,331,332,333,334,335,336,337,338,339,340,341,342,343,344,345,346,347,348,349,350,351,352,353,354,355,356,357,358,359,360,361,362,363,364,365,366,367,368,369,370,371,372,373,374,375,376,377,378,379,380,381,382,383,384,385,386,387,388,389,390,391,392,393,394,395,396,397,398,399,400,401,402,403,404,405,406,407,408,409,410,411,412,413,414,415,416,417,418,419,420,421,422,423,424,425,426,427,428,429,430,431,432,433,434,435,436,437,438,439,440,441,442,443,444,445,446,447,448,449,450,451,452,453,454,455,456,457,458,459,460,461,462,463,464,465,466,467,468,469,470,471,472,473,474,475,476,477,478,479,480,481,482,483,484,485,486,487,488,489,490,491,492,493,494,495,496,497,498,499,500,501,502,503,504,505,506,507,508,509,510,511,512,513,514,515,516,517,518,519,520,521,522,523,524,525,526,527,528,529,530,531,532,533,534,535,536,537,538,539,540,541,542,543,544,545,546,547,548,549,550,551,552,553,554,555,556,557,558,559,560,561,562,563,564,565,566,567,568,569,570,571,572,573,574,575,576,577,578,579,580,581,582,583,584,585,586,587,588,589,590,591,592,593,594,595,596,597,598,599,600,601,602,603,604,605,606,607,608,609,610,611,612,613,614,615,616,617,618,619,620,621,622,623,624,625,626,627,628,629,630,631,632,633,634,635,636,637,638,639,640,641,642,643,644,645,646,647,648,649,650,651,652,653,654,655,656,657,658,659,660,661,662,663,664,665,666,667,668,669,670,671,672,673,674,675,676,677,678,679,680,681,682,683,684,685,686,687,688,689,690,691,692,693,694,695,696,697,698,699,700,701,702,703,704,705,706,707,708,709,710,711,712,713,714,715,716,717,718,719,720,721,722,723,724,725,726,727,728,729,730,731,732,733,734,735,736,737,738,739,740,741,742,743,744,745,746,747,748,749,750,751,752,753,754,755,756,757,758,759,760,761,762,763,764,765,766,767,768,769,770,771,772,773,774,775,776,777,778,779,780,781,782,783,784,785,786,787,788,789,790,791,792,793,794,795,796,797,798,799,800,801,802,803,804,805,806,807,808,809,810,811,812,813,814,815,816,817,818,819,820,821,822,823,824,825,826,827,828,829,830,831,832,833,834,835,836,837,838,839,840,841,842,843,844,845,846,847,848,849,850,851,852,853,854,855,856,857,858,859,860,861,862,863,864,865,866,867,868,869,870,871,872,873,874,875,876,877,878,879,880,881,882,883,884,885,886,887,888,889,890,891,892,893,894,895,896,897,898,899,900,901,902,903,904,905,906,907,908,909,910,911,912,913,914,915,916,917,918,919,920,921,922,923,924,925,926,927,928,929,930,931,932,933,934,935,936,937,938,939,940,941,942,943,944,945,946,947,948,949,950,951,952,953,954,955,956,957,958,959,960,961,962,963,964,965,966,967,968,969,970,971,972,973,974,975,976,977,978,979,980,981,982,983,984,985,986,987,988,989,990,991,992,993,994,995,996,997,998,999,1000,1001,1002,1003,1004,1005,1006,1007,1008,1009,1010,1011,1012,1013,1014,1015,1016,1017,1018,1019,1020,1021,1022,1023,1024,1025,1026,1027,1028,1029,1030,1031,1032,1033,1034,1035,1036,1037,1038,1039,1040,1041,1042,1043,1044,1045,1046,1047,1048,1049,1050,1051,1052,1053,1054,1055,1056,1057,1058,1059,1060,1061,1062,1063,1064,1065,1066,1067,1068,1069,1070,1071,1072,1073,1074,1075,1076,1077,1078,1079,1080,1081,1082,1083,1084,1085,1086,1087,1088,1089,1090,1091,1092,1093,1094,1095,1096,1097,1098,1099,1100,1101,1102,1103,1104,1105,1106,1107,1108,1109,1110,1111,1112,1113,1114,1115,1116,1117,1118,1119,1120,1121,1122,1123,1124,1125,1126,1127,1128,1129,1130,1131,1132,1133,1134,1135,1136,1137,1138,1139,1140,1141,1142,1143,1144,1145,1146,1147,1148,1149,1150,1151,1152,1153,1154,1155,1156,1157,1158,1159,1160,1161,1162,1163,1164,1165,1166,1167,1168,1169,1170,1171,1172,1173,1174,1175,1176,1177,1178,1179,1180,1181,1182,1183,1184,1185,1186,1187,1188,1189,1190,1191,1192,1193,1194,1195,1196,1197,1198,1199,1200,1201,1202,1203,1204,1205,1206,1207,1208,1209,1210,1211,1212,1213,1214,1215,1216,1217,1218,1219,1220,1221,1222,1223,1224,1225,1226,1227,1228,1229,1230,1231,1232,1233,1234,1235,1236,1237,1238,1239,1240,1241,1242,1243,1244,1245,1246,1247,1248,1249,1250,1251,1252,1253,1254,1255,1256,1257,1258,1259,1260,1261,1262,1263,1264,1265,1266,1267,1268,1269,1270,1271,1272,1273,1274,1275,1276,1277,1278,1279,1280,1281,1282,1283,1284,1285,1286,1287,1288,1289,1290,1291,1292,1293,1294,1295,1296,1297,1298,1299,1300,1301,1302,1303,1304,1305,1306,1307,1308,1309,1310,1311,1312,1313,1314,1315,1316,1317,1318,1319,1320,1321,1322,1323,1324,1325,1326,1327,1328,1329,1330,1331,1332,1333,1334,1335,1336,1337,1338,1339,1340,1341,1342,1343,1344,1345,1346,1347,1348,1349,1350,1351,1352,1353,1354,1355,1356,1357,1358,1359,1360,1361,1362,1363,1364,1365,1366,1367,1368,1369,1370,1371,1372,1373,1374,1375,1376,1377,1378,1379,1380,1381,1382,1383,1384,1385,1386,1387,1388,1389,1390,1391,1392,1393,1394,1395,1396,1397,1398,1399,1400,1401,1402,1403,1404,1405,1406,1407,1408,1409,1410,1411,1412,1413,1414,1415,1416,1417,1418,1419,1420,1421,1422,1423,1424,1425,1426,1427,1428,1429,1430,1431,1432,1433,1434,1435,1436,1437,1438,1439,1440,1441,1442,1443,1444,1445,1446,1447,1448,1449,1450,1451,1452,1453,1454,1455,1456,1457,1458,1459,1460,1461,1462,1463,1464,1465,1466,1467,1468,1469,1470,1471,1472,1473,1474,1475,1476,1477,1478,1479,1480,1481,1482,1483,1484,1485,1486,1487,1488,1489,1490,1491,1492,1493,1494,1495,1496,1497,1498,1499,1500,1501,1502,1503,1504,1505,1506,1507,1508,1509,1510,1511,1512,1513,1514,1515,1516,1517,1518,1519,1520,1521,1522,1523,1524,1525,1526,1527,1528,1529,1530,1531,1532,1533,1534,1535,1536,1537,1538,1539,1540,1541,1542,1543,1544,1545,1546,1547,1548,1549,1550,1551,1552,1553,1554,1555,1556,1557,1558,1559,1560,1561,1562,1563,1564,1565,1566,1567,1568,1569,1570,1571,1572,1573,1574,1575,1576,1577,1578,1579,1580,1581,1582,1583,1584,1585,1586,1587,1588,1589,1590,1591,1592,1593,1594,1595,1596,1597,1598,1599,1600,1601,1602,1603,1604,1605,1606,1607,1608,1609,1610,1611,1612,1613,1614,1615,1616,1617,1618,1619,1620,1621,1622,1623,1624,1625,1626,1627,1628,1629,1630,1631,1632,1633,1634,1635,1636,1637,1638,1639,1640,1641,1642,1643,1644,1645,1646,1647,1648,1649,1650,1651,1652,1653,1654,1655,1656,1657,1658,1659,1660,1661,1662,1663,1664,1665,1666,1667,1668,1669,1670,1671,1672,1673,1674,1675,1676,1677,1678,1679,1680,1681,1682,1683,1684,1685,1686,1687,1688,1689,1690,1691,1692,1693,1694,1695,1696,1697,1698,1699,1700,1701,1702,1703,1704,1705,1706,1707,1708,1709,1710,1711,1712,1713,1714,1715,1716,1717,1718,1719,1720,1721,1722,1723,1724,1725,1726,1727,1728,1729,1730,1731,1732,1733,1734,1735,1736,1737,1738,1739,1740,1741,1742,1743,1744,1745,1746,1747,1748,1749,1750,1751,1752,1753,1754,1755,1756,1757,1758,1759,1760,1761,1762,1763,1764,1765,1766,1767,1768,1769,1770,1771,1772,1773,1774,1775,1776,1777,1778,1779,1780,1781,1782,1783,1784,1785,1786,1787,1788,1789,1790,1791,1792,1793,1794,1795,1796,1797,1798,1799,1800,1801,1802,1803,1804,1805,1806,1807,1808,1809,1810,1811,1812,1813,1814,1815,1816,1817,1818,1819,1820,1821,1822,1823,1824,1825,1826,1827,1828,1829,1830,1831,1832,1833,1834,1835,1836,1837,1838,1839,1840,1841,1842,1843,1844,1845,1846,1847,1848,1849,1850,1851,1852,1853,1854,1855,1856,1857,1858,1859,1860,1861,1862,1863,1864,1865,1866,1867,1868,1869,1870,1871,1872,1873,1874,1875,1876,1877,1878,1879,1880,1881,1882,1883,1884,1885,1886,1887,1888,1889,1890,1891,1892,1893,1894,1895,1896,1897,1898,1899,1900,1901,1902,1903,1904,1905,1906,1907,1908,1909,1910,1911,1912,1913,1914,1915,1916,1917,1918,1919,1920,1921,1922,1923,1924,1925,1926,1927,1928,1929,1930,1931,1932,1933,1934,1935,1936,1937,1938,1939,1940,1941,1942,1943,1944,1945,1946,1947,1948,1949,1950,1951,1952,1953,1954,1955,1956,1957,1958,1959,1960,1961,1962,1963,1964,1965,1966,1967,1968,1969,1970,1971,1972,1973,1974,1975,1976,1977,1978,1979,1980,1981,1982,1983,1984,1985,1986,1987,1988,1989,1990,1991,1992,1993,1994,1995,1996,1997,1998,1999,2000], [-999,-998,-997,-996,-995,-994,-993,-992,-991,-990,-989,-988,-987,-986,-985,-984,-983,-982,-981,-980,-979,-978,-977,-976,-975,-974,-973,-972,-971,-970,-969,-968,-967,-966,-965,-964,-963,-962,-961,-960,-959,-958,-957,-956,-955,-954,-953,-952,-951,-950,-949,-948,-947,-946,-945,-944,-943,-942,-941,-940,-939,-938,-937,-936,-935,-934,-933,-932,-931,-930,-929,-928,-927,-926,-925,-924,-923,-922,-921,-920,-919,-918,-917,-916,-915,-914,-913,-912,-911,-910,-909,-908,-907,-906,-905,-904,-903,-902,-901,-900,-899,-898,-897,-896,-895,-894,-893,-892,-891,-890,-889,-888,-887,-886,-885,-884,-883,-882,-881,-880,-879,-878,-877,-876,-875,-874,-873,-872,-871,-870,-869,-868,-867,-866,-865,-864,-863,-862,-861,-860,-859,-858,-857,-856,-855,-854,-853,-852,-851,-850,-849,-848,-847,-846,-845,-844,-843,-842,-841,-840,-839,-838,-837,-836,-835,-834,-833,-832,-831,-830,-829,-828,-827,-826,-825,-824,-823,-822,-821,-820,-819,-818,-817,-816,-815,-814,-813,-812,-811,-810,-809,-808,-807,-806,-805,-804,-803,-802,-801,-800,-799,-798,-797,-796,-795,-794,-793,-792,-791,-790,-789,-788,-787,-786,-785,-784,-783,-782,-781,-780,-779,-778,-777,-776,-775,-774,-773,-772,-771,-770,-769,-768,-767,-766,-765,-764,-763,-762,-761,-760,-759,-758,-757,-756,-755,-754,-753,-752,-751,-750,-749,-748,-747,-746,-745,-744,-743,-742,-741,-740,-739,-738,-737,-736,-735,-734,-733,-732,-731,-730,-729,-728,-727,-726,-725,-724,-723,-722,-721,-720,-719,-718,-717,-716,-715,-714,-713,-712,-711,-710,-709,-708,-707,-706,-705,-704,-703,-702,-701,-700,-699,-698,-697,-696,-695,-694,-693,-692,-691,-690,-689,-688,-687,-686,-685,-684,-683,-682,-681,-680,-679,-678,-677,-676,-675,-674,-673,-672,-671,-670,-669,-668,-667,-666,-665,-664,-663,-662,-661,-660,-659,-658,-657,-656,-655,-654,-653,-652,-651,-650,-649,-648,-647,-646,-645,-644,-643,-642,-641,-640,-639,-638,-637,-636,-635,-634,-633,-632,-631,-630,-629,-628,-627,-626,-625,-624,-623,-622,-621,-620,-619,-618,-617,-616,-615,-614,-613,-612,-611,-610,-609,-608,-607,-606,-605,-604,-603,-602,-601,-600,-599,-598,-597,-596,-595,-594,-593,-592,-591,-590,-589,-588,-587,-586,-585,-584,-583,-582,-581,-580,-579,-578,-577,-576,-575,-574,-573,-572,-571,-570,-569,-568,-567,-566,-565,-564,-563,-562,-561,-560,-559,-558,-557,-556,-555,-554,-553,-552,-551,-550,-549,-548,-547,-546,-545,-544,-543,-542,-541,-540,-539,-538,-537,-536,-535,-534,-533,-532,-531,-530,-529,-528,-527,-526,-525,-524,-523,-522,-521,-520,-519,-518,-517,-516,-515,-514,-513,-512,-511,-510,-509,-508,-507,-506,-505,-504,-503,-502,-501,-500,-499,-498,-497,-496,-495,-494,-493,-492,-491,-490,-489,-488,-487,-486,-485,-484,-483,-482,-481,-480,-479,-478,-477,-476,-475,-474,-473,-472,-471,-470,-469,-468,-467,-466,-465,-464,-463,-462,-461,-460,-459,-458,-457,-456,-455,-454,-453,-452,-451,-450,-449,-448,-447,-446,-445,-444,-443,-442,-441,-440,-439,-438,-437,-436,-435,-434,-433,-432,-431,-430,-429,-428,-427,-426,-425,-424,-423,-422,-421,-420,-419,-418,-417,-416,-415,-414,-413,-412,-411,-410,-409,-408,-407,-406,-405,-404,-403,-402,-401,-400,-399,-398,-397,-396,-395,-394,-393,-392,-391,-390,-389,-388,-387,-386,-385,-384,-383,-382,-381,-380,-379,-378,-377,-376,-375,-374,-373,-372,-371,-370,-369,-368,-367,-366,-365,-364,-363,-362,-361,-360,-359,-358,-357,-356,-355,-354,-353,-352,-351,-350,-349,-348,-347,-346,-345,-344,-343,-342,-341,-340,-339,-338,-337,-336,-335,-334,-333,-332,-331,-330,-329,-328,-327,-326,-325,-324,-323,-322,-321,-320,-319,-318,-317,-316,-315,-314,-313,-312,-311,-310,-309,-308,-307,-306,-305,-304,-303,-302,-301,-300,-299,-298,-297,-296,-295,-294,-293,-292,-291,-290,-289,-288,-287,-286,-285,-284,-283,-282,-281,-280,-279,-278,-277,-276,-275,-274,-273,-272,-271,-270,-269,-268,-267,-266,-265,-264,-263,-262,-261,-260,-259,-258,-257,-256,-255,-254,-253,-252,-251,-250,-249,-248,-247,-246,-245,-244,-243,-242,-241,-240,-239,-238,-237,-236,-235,-234,-233,-232,-231,-230,-229,-228,-227,-226,-225,-224,-223,-222,-221,-220,-219,-218,-217,-216,-215,-214,-213,-212,-211,-210,-209,-208,-207,-206,-205,-204,-203,-202,-201,-200,-199,-198,-197,-196,-195,-194,-193,-192,-191,-190,-189,-188,-187,-186,-185,-184,-183,-182,-181,-180,-179,-178,-177,-176,-175,-174,-173,-172,-171,-170,-169,-168,-167,-166,-165,-164,-163,-162,-161,-160,-159,-158,-157,-156,-155,-154,-153,-152,-151,-150,-149,-148,-147,-146,-145,-144,-143,-142,-141,-140,-139,-138,-137,-136,-135,-134,-133,-132,-131,-130,-129,-128,-127,-126,-125,-124,-123,-122,-121,-120,-119,-118,-117,-116,-115,-114,-113,-112,-111,-110,-109,-108,-107,-106,-105,-104,-103,-102,-101,-100,-99,-98,-97,-96,-95,-94,-93,-92,-91,-90,-89,-88,-87,-86,-85,-84,-83,-82,-81,-80,-79,-78,-77,-76,-75,-74,-73,-72,-71,-70,-69,-68,-67,-66,-65,-64,-63,-62,-61,-60,-59,-58,-57,-56,-55,-54,-53,-52,-51,-50,-49,-48,-47,-46,-45,-44,-43,-42,-41,-40,-39,-38,-37,-36,-35,-34,-33,-32,-31,-30,-29,-28,-27,-26,-25,-24,-23,-22,-21,-20,-19,-18,-17,-16,-15,-14,-13,-12,-11,-10,-9,-8,-7,-6,-5,-4,-3,-2,-1,0,1,2,3,4,5,6,7,8,9,10,11,12,13,14,15,16,17,18,19,20,21,22,23,24,25,26,27,28,29,30,31,32,33,34,35,36,37,38,39,40,41,42,43,44,45,46,47,48,49,50,51,52,53,54,55,56,57,58,59,60,61,62,63,64,65,66,67,68,69,70,71,72,73,74,75,76,77,78,79,80,81,82,83,84,85,86,87,88,89,90,91,92,93,94,95,96,97,98,99,100,101,102,103,104,105,106,107,108,109,110,111,112,113,114,115,116,117,118,119,120,121,122,123,124,125,126,127,128,129,130,131,132,133,134,135,136,137,138,139,140,141,142,143,144,145,146,147,148,149,150,151,152,153,154,155,156,157,158,159,160,161,162,163,164,165,166,167,168,169,170,171,172,173,174,175,176,177,178,179,180,181,182,183,184,185,186,187,188,189,190,191,192,193,194,195,196,197,198,199,200,201,202,203,204,205,206,207,208,209,210,211,212,213,214,215,216,217,218,219,220,221,222,223,224,225,226,227,228,229,230,231,232,233,234,235,236,237,238,239,240,241,242,243,244,245,246,247,248,249,250,251,252,253,254,255,256,257,258,259,260,261,262,263,264,265,266,267,268,269,270,271,272,273,274,275,276,277,278,279,280,281,282,283,284,285,286,287,288,289,290,291,292,293,294,295,296,297,298,299,300,301,302,303,304,305,306,307,308,309,310,311,312,313,314,315,316,317,318,319,320,321,322,323,324,325,326,327,328,329,330,331,332,333,334,335,336,337,338,339,340,341,342,343,344,345,346,347,348,349,350,351,352,353,354,355,356,357,358,359,360,361,362,363,364,365,366,367,368,369,370,371,372,373,374,375,376,377,378,379,380,381,382,383,384,385,386,387,388,389,390,391,392,393,394,395,396,397,398,399,400,401,402,403,404,405,406,407,408,409,410,411,412,413,414,415,416,417,418,419,420,421,422,423,424,425,426,427,428,429,430,431,432,433,434,435,436,437,438,439,440,441,442,443,444,445,446,447,448,449,450,451,452,453,454,455,456,457,458,459,460,461,462,463,464,465,466,467,468,469,470,471,472,473,474,475,476,477,478,479,480,481,482,483,484,485,486,487,488,489,490,491,492,493,494,495,496,497,498,499,500,501,502,503,504,505,506,507,508,509,510,511,512,513,514,515,516,517,518,519,520,521,522,523,524,525,526,527,528,529,530,531,532,533,534,535,536,537,538,539,540,541,542,543,544,545,546,547,548,549,550,551,552,553,554,555,556,557,558,559,560,561,562,563,564,565,566,567,568,569,570,571,572,573,574,575,576,577,578,579,580,581,582,583,584,585,586,587,588,589,590,591,592,593,594,595,596,597,598,599,600,601,602,603,604,605,606,607,608,609,610,611,612,613,614,615,616,617,618,619,620,621,622,623,624,625,626,627,628,629,630,631,632,633,634,635,636,637,638,639,640,641,642,643,644,645,646,647,648,649,650,651,652,653,654,655,656,657,658,659,660,661,662,663,664,665,666,667,668,669,670,671,672,673,674,675,676,677,678,679,680,681,682,683,684,685,686,687,688,689,690,691,692,693,694,695,696,697,698,699,700,701,702,703,704,705,706,707,708,709,710,711,712,713,714,715,716,717,718,719,720,721,722,723,724,725,726,727,728,729,730,731,732,733,734,735,736,737,738,739,740,741,742,743,744,745,746,747,748,749,750,751,752,753,754,755,756,757,758,759,760,761,762,763,764,765,766,767,768,769,770,771,772,773,774,775,776,777,778,779,780,781,782,783,784,785,786,787,788,789,790,791,792,793,794,795,796,797,798,799,800,801,802,803,804,805,806,807,808,809,810,811,812,813,814,815,816,817,818,819,820,821,822,823,824,825,826,827,828,829,830,831,832,833,834,835,836,837,838,839,840,841,842,843,844,845,846,847,848,849,850,851,852,853,854,855,856,857,858,859,860,861,862,863,864,865,866,867,868,869,870,871,872,873,874,875,876,877,878,879,880,881,882,883,884,885,886,887,888,889,890,891,892,893,894,895,896,897,898,899,900,901,902,903,904,905,906,907,908,909,910,911,912,913,914,915,916,917,918,919,920,921,922,923,924,925,926,927,928,929,930,931,932,933,934,935,936,937,938,939,940,941,942,943,944,945,946,947,948,949,950,951,952,953,954,955,956,957,958,959,960,961,962,963,964,965,966,967,968,969,970,971,972,973,974,975,976,977,978,979,980,981,982,983,984,985,986,987,988,989,990,991,992,993,994,995,996,997,998,999,1000,1001,1002,1003,1004,1005,1006,1007,1008,1009,1010,1011,1012,1013,1014,1015,1016,1017,1018,1019,1020,1021,1022,1023,1024,1025,1026,1027,1028,1029,1030,1031,1032,1033,1034,1035,1036,1037,1038,1039,1040,1041,1042,1043,1044,1045,1046,1047,1048,1049,1050,1051,1052,1053,1054,1055,1056,1057,1058,1059,1060,1061,1062,1063,1064,1065,1066,1067,1068,1069,1070,1071,1072,1073,1074,1075,1076,1077,1078,1079,1080,1081,1082,1083,1084,1085,1086,1087,1088,1089,1090,1091,1092,1093,1094,1095,1096,1097,1098,1099,1100,1101,1102,1103,1104,1105,1106,1107,1108,1109,1110,1111,1112,1113,1114,1115,1116,1117,1118,1119,1120,1121,1122,1123,1124,1125,1126,1127,1128,1129,1130,1131,1132,1133,1134,1135,1136,1137,1138,1139,1140,1141,1142,1143,1144,1145,1146,1147,1148,1149,1150,1151,1152,1153,1154,1155,1156,1157,1158,1159,1160,1161,1162,1163,1164,1165,1166,1167,1168,1169,1170,1171,1172,1173,1174,1175,1176,1177,1178,1179,1180,1181,1182,1183,1184,1185,1186,1187,1188,1189,1190,1191,1192,1193,1194,1195,1196,1197,1198,1199,1200,1201,1202,1203,1204,1205,1206,1207,1208,1209,1210,1211,1212,1213,1214,1215,1216,1217,1218,1219,1220,1221,1222,1223,1224,1225,1226,1227,1228,1229,1230,1231,1232,1233,1234,1235,1236,1237,1238,1239,1240,1241,1242,1243,1244,1245,1246,1247,1248,1249,1250,1251,1252,1253,1254,1255,1256,1257,1258,1259,1260,1261,1262,1263,1264,1265,1266,1267,1268,1269,1270,1271,1272,1273,1274,1275,1276,1277,1278,1279,1280,1281,1282,1283,1284,1285,1286,1287,1288,1289,1290,1291,1292,1293,1294,1295,1296,1297,1298,1299,1300,1301,1302,1303,1304,1305,1306,1307,1308,1309,1310,1311,1312,1313,1314,1315,1316,1317,1318,1319,1320,1321,1322,1323,1324,1325,1326,1327,1328,1329,1330,1331,1332,1333,1334,1335,1336,1337,1338,1339,1340,1341,1342,1343,1344,1345,1346,1347,1348,1349,1350,1351,1352,1353,1354,1355,1356,1357,1358,1359,1360,1361,1362,1363,1364,1365,1366,1367,1368,1369,1370,1371,1372,1373,1374,1375,1376,1377,1378,1379,1380,1381,1382,1383,1384,1385,1386,1387,1388,1389,1390,1391,1392,1393,1394,1395,1396,1397,1398,1399,1400,1401,1402,1403,1404,1405,1406,1407,1408,1409,1410,1411,1412,1413,1414,1415,1416,1417,1418,1419,1420,1421,1422,1423,1424,1425,1426,1427,1428,1429,1430,1431,1432,1433,1434,1435,1436,1437,1438,1439,1440,1441,1442,1443,1444,1445,1446,1447,1448,1449,1450,1451,1452,1453,1454,1455,1456,1457,1458,1459,1460,1461,1462,1463,1464,1465,1466,1467,1468,1469,1470,1471,1472,1473,1474,1475,1476,1477,1478,1479,1480,1481,1482,1483,1484,1485,1486,1487,1488,1489,1490,1491,1492,1493,1494,1495,1496,1497,1498,1499,1500,1501,1502,1503,1504,1505,1506,1507,1508,1509,1510,1511,1512,1513,1514,1515,1516,1517,1518,1519,1520,1521,1522,1523,1524,1525,1526,1527,1528,1529,1530,1531,1532,1533,1534,1535,1536,1537,1538,1539,1540,1541,1542,1543,1544,1545,1546,1547,1548,1549,1550,1551,1552,1553,1554,1555,1556,1557,1558,1559,1560,1561,1562,1563,1564,1565,1566,1567,1568,1569,1570,1571,1572,1573,1574,1575,1576,1577,1578,1579,1580,1581,1582,1583,1584,1585,1586,1587,1588,1589,1590,1591,1592,1593,1594,1595,1596,1597,1598,1599,1600,1601,1602,1603,1604,1605,1606,1607,1608,1609,1610,1611,1612,1613,1614,1615,1616,1617,1618,1619,1620,1621,1622,1623,1624,1625,1626,1627,1628,1629,1630,1631,1632,1633,1634,1635,1636,1637,1638,1639,1640,1641,1642,1643,1644,1645,1646,1647,1648,1649,1650,1651,1652,1653,1654,1655,1656,1657,1658,1659,1660,1661,1662,1663,1664,1665,1666,1667,1668,1669,1670,1671,1672,1673,1674,1675,1676,1677,1678,1679,1680,1681,1682,1683,1684,1685,1686,1687,1688,1689,1690,1691,1692,1693,1694,1695,1696,1697,1698,1699,1700,1701,1702,1703,1704,1705,1706,1707,1708,1709,1710,1711,1712,1713,1714,1715,1716,1717,1718,1719,1720,1721,1722,1723,1724,1725,1726,1727,1728,1729,1730,1731,1732,1733,1734,1735,1736,1737,1738,1739,1740,1741,1742,1743,1744,1745,1746,1747,1748,1749,1750,1751,1752,1753,1754,1755,1756,1757,1758,1759,1760,1761,1762,1763,1764,1765,1766,1767,1768,1769,1770,1771,1772,1773,1774,1775,1776,1777,1778,1779,1780,1781,1782,1783,1784,1785,1786,1787,1788,1789,1790,1791,1792,1793,1794,1795,1796,1797,1798,1799,1800,1801,1802,1803,1804,1805,1806,1807,1808,1809,1810,1811,1812,1813,1814,1815,1816,1817,1818,1819,1820,1821,1822,1823,1824,1825,1826,1827,1828,1829,1830,1831,1832,1833,1834,1835,1836,1837,1838,1839,1840,1841,1842,1843,1844,1845,1846,1847,1848,1849,1850,1851,1852,1853,1854,1855,1856,1857,1858,1859,1860,1861,1862,1863,1864,1865,1866,1867,1868,1869,1870,1871,1872,1873,1874,1875,1876,1877,1878,1879,1880,1881,1882,1883,1884,1885,1886,1887,1888,1889,1890,1891,1892,1893,1894,1895,1896,1897,1898,1899,1900,1901,1902,1903,1904,1905,1906,1907,1908,1909,1910,1911,1912,1913,1914,1915,1916,1917,1918,1919,1920,1921,1922,1923,1924,1925,1926,1927,1928,1929,1930,1931,1932,1933,1934,1935,1936,1937,1938,1939,1940,1941,1942,1943,1944,1945,1946,1947,1948,1949,1950,1951,1952,1953,1954,1955,1956,1957,1958,1959,1960,1961,1962,1963,1964,1965,1966,1967,1968,1969,1970,1971,1972,1973,1974,1975,1976,1977,1978,1979,1980,1981,1982,1983,1984,1985,1986,1987,1988,1989,1990,1991,1992,1993,1994,1995,1996,1997,1998,1999,2000]	{2000,1999,#,1998,#,1997,#,1996,#,1995,#,1994,#,1993,#,1992,#,1991,#,1990,#,1989,#,1988,#,1987,#,1986,#,1985,#,1984,#,1983,#,1982,#,1981,#,1980,#,1979,#,1978,#,1977,#,1976,#,1975,#,1974,#,1973,#,1972,#,1971,#,1970,#,1969,#,1968,#,1967,#,1966,#,1965,#,1964,#,1963,#,1962,#,1961,#,1960,#,1959,#,1958,#,1957,#,1956,#,1955,#,1954,#,1953,#,1952,#,1951,#,1950,#,1949,#,1948,#,1947,#,1946,#,1945,#,1944,#,1943,#,1942,#,1941,#,1940,#,1939,#,1938,#,1937,#,1936,#,1935,#,1934,#,1933,#,1932,#,1931,#,1930,#,1929,#,1928,#,1927,#,1926,#,1925,#,1924,#,1923,#,1922,#,1921,#,1920,#,1919,#,1918,#,1917,#,1916,#,1915,#,1914,#,1913,#,1912,#,1911,#,1910,#,1909,#,1908,#,1907,#,1906,#,1905,#,1904,#,1903,#,1902,#,1901,#,1900,#,1899,#,1898,#,1897,#,1896,#,1895,#,1894,#,1893,#,1892,#,1891,#,1890,#,1889,#,1888,#,1887,#,1886,#,1885,#,1884,#,1883,#,1882,#,1881,#,1880,#,1879,#,1878,#,1877,#,1876,#,1875,#,1874,#,1873,#,1872,#,1871,#,1870,#,1869,#,1868,#,1867,#,1866,#,1865,#,1864,#,1863,#,1862,#,1861,#,1860,#,1859,#,1858,#,1857,#,1856,#,1855,#,1854,#,1853,#,1852,#,1851,#,1850,#,1849,#,1848,#,1847,#,1846,#,1845,#,1844,#,1843,#,1842,#,1841,#,1840,#,1839,#,1838,#,1837,#,1836,#,1835,#,1834,#,1833,#,1832,#,1831,#,1830,#,1829,#,1828,#,1827,#,1826,#,1825,#,1824,#,1823,#,1822,#,1821,#,1820,#,1819,#,1818,#,1817,#,1816,#,1815,#,1814,#,1813,#,1812,#,1811,#,1810,#,1809,#,1808,#,1807,#,1806,#,1805,#,1804,#,1803,#,1802,#,1801,#,1800,#,1799,#,1798,#,1797,#,1796,#,1795,#,1794,#,1793,#,1792,#,1791,#,1790,#,1789,#,1788,#,1787,#,1786,#,1785,#,1784,#,1783,#,1782,#,1781,#,1780,#,1779,#,1778,#,1777,#,1776,#,1775,#,1774,#,1773,#,1772,#,1771,#,1770,#,1769,#,1768,#,1767,#,1766,#,1765,#,1764,#,1763,#,1762,#,1761,#,1760,#,1759,#,1758,#,1757,#,1756,#,1755,#,1754,#,1753,#,1752,#,1751,#,1750,#,1749,#,1748,#,1747,#,1746,#,1745,#,1744,#,1743,#,1742,#,1741,#,1740,#,1739,#,1738,#,1737,#,1736,#,1735,#,1734,#,1733,#,1732,#,1731,#,1730,#,1729,#,1728,#,1727,#,1726,#,1725,#,1724,#,1723,#,1722,#,1721,#,1720,#,1719,#,1718,#,1717,#,1716,#,1715,#,1714,#,1713,#,1712,#,1711,#,1710,#,1709,#,1708,#,1707,#,1706,#,1705,#,1704,#,1703,#,1702,#,1701,#,1700,#,1699,#,1698,#,1697,#,1696,#,1695,#,1694,#,1693,#,1692,#,1691,#,1690,#,1689,#,1688,#,1687,#,1686,#,1685,#,1684,#,1683,#,1682,#,1681,#,1680,#,1679,#,1678,#,1677,#,1676,#,1675,#,1674,#,1673,#,1672,#,1671,#,1670,#,1669,#,1668,#,1667,#,1666,#,1665,#,1664,#,1663,#,1662,#,1661,#,1660,#,1659,#,1658,#,1657,#,1656,#,1655,#,1654,#,1653,#,1652,#,1651,#,1650,#,1649,#,1648,#,1647,#,1646,#,1645,#,1644,#,1643,#,1642,#,1641,#,1640,#,1639,#,1638,#,1637,#,1636,#,1635,#,1634,#,1633,#,1632,#,1631,#,1630,#,1629,#,1628,#,1627,#,1626,#,1625,#,1624,#,1623,#,1622,#,1621,#,1620,#,1619,#,1618,#,1617,#,1616,#,1615,#,1614,#,1613,#,1612,#,1611,#,1610,#,1609,#,1608,#,1607,#,1606,#,1605,#,1604,#,1603,#,1602,#,1601,#,1600,#,1599,#,1598,#,1597,#,1596,#,1595,#,1594,#,1593,#,1592,#,1591,#,1590,#,1589,#,1588,#,1587,#,1586,#,1585,#,1584,#,1583,#,1582,#,1581,#,1580,#,1579,#,1578,#,1577,#,1576,#,1575,#,1574,#,1573,#,1572,#,1571,#,1570,#,1569,#,1568,#,1567,#,1566,#,1565,#,1564,#,1563,#,1562,#,1561,#,1560,#,1559,#,1558,#,1557,#,1556,#,1555,#,1554,#,1553,#,1552,#,1551,#,1550,#,1549,#,1548,#,1547,#,1546,#,1545,#,1544,#,1543,#,1542,#,1541,#,1540,#,1539,#,1538,#,1537,#,1536,#,1535,#,1534,#,1533,#,1532,#,1531,#,1530,#,1529,#,1528,#,1527,#,1526,#,1525,#,1524,#,1523,#,1522,#,1521,#,1520,#,1519,#,1518,#,1517,#,1516,#,1515,#,1514,#,1513,#,1512,#,1511,#,1510,#,1509,#,1508,#,1507,#,1506,#,1505,#,1504,#,1503,#,1502,#,1501,#,1500,#,1499,#,1498,#,1497,#,1496,#,1495,#,1494,#,1493,#,1492,#,1491,#,1490,#,1489,#,1488,#,1487,#,1486,#,1485,#,1484,#,1483,#,1482,#,1481,#,1480,#,1479,#,1478,#,1477,#,1476,#,1475,#,1474,#,1473,#,1472,#,1471,#,1470,#,1469,#,1468,#,1467,#,1466,#,1465,#,1464,#,1463,#,1462,#,1461,#,1460,#,1459,#,1458,#,1457,#,1456,#,1455,#,1454,#,1453,#,1452,#,1451,#,1450,#,1449,#,1448,#,1447,#,1446,#,1445,#,1444,#,1443,#,1442,#,1441,#,1440,#,1439,#,1438,#,1437,#,1436,#,1435,#,1434,#,1433,#,1432,#,1431,#,1430,#,1429,#,1428,#,1427,#,1426,#,1425,#,1424,#,1423,#,1422,#,1421,#,1420,#,1419,#,1418,#,1417,#,1416,#,1415,#,1414,#,1413,#,1412,#,1411,#,1410,#,1409,#,1408,#,1407,#,1406,#,1405,#,1404,#,1403,#,1402,#,1401,#,1400,#,1399,#,1398,#,1397,#,1396,#,1395,#,1394,#,1393,#,1392,#,1391,#,1390,#,1389,#,1388,#,1387,#,1386,#,1385,#,1384,#,1383,#,1382,#,1381,#,1380,#,1379,#,1378,#,1377,#,1376,#,1375,#,1374,#,1373,#,1372,#,1371,#,1370,#,1369,#,1368,#,1367,#,1366,#,1365,#,1364,#,1363,#,1362,#,1361,#,1360,#,1359,#,1358,#,1357,#,1356,#,1355,#,1354,#,1353,#,1352,#,1351,#,1350,#,1349,#,1348,#,1347,#,1346,#,1345,#,1344,#,1343,#,1342,#,1341,#,1340,#,1339,#,1338,#,1337,#,1336,#,1335,#,1334,#,1333,#,1332,#,1331,#,1330,#,1329,#,1328,#,1327,#,1326,#,1325,#,1324,#,1323,#,1322,#,1321,#,1320,#,1319,#,1318,#,1317,#,1316,#,1315,#,1314,#,1313,#,1312,#,1311,#,1310,#,1309,#,1308,#,1307,#,1306,#,1305,#,1304,#,1303,#,1302,#,1301,#,1300,#,1299,#,1298,#,1297,#,1296,#,1295,#,1294,#,1293,#,1292,#,1291,#,1290,#,1289,#,1288,#,1287,#,1286,#,1285,#,1284,#,1283,#,1282,#,1281,#,1280,#,1279,#,1278,#,1277,#,1276,#,1275,#,1274,#,1273,#,1272,#,1271,#,1270,#,1269,#,1268,#,1267,#,1266,#,1265,#,1264,#,1263,#,1262,#,1261,#,1260,#,1259,#,1258,#,1257,#,1256,#,1255,#,1254,#,1253,#,1252,#,1251,#,1250,#,1249,#,1248,#,1247,#,1246,#,1245,#,1244,#,1243,#,1242,#,1241,#,1240,#,1239,#,1238,#,1237,#,1236,#,1235,#,1234,#,1233,#,1232,#,1231,#,1230,#,1229,#,1228,#,1227,#,1226,#,1225,#,1224,#,1223,#,1222,#,1221,#,1220,#,1219,#,1218,#,1217,#,1216,#,1215,#,1214,#,1213,#,1212,#,1211,#,1210,#,1209,#,1208,#,1207,#,1206,#,1205,#,1204,#,1203,#,1202,#,1201,#,1200,#,1199,#,1198,#,1197,#,1196,#,1195,#,1194,#,1193,#,1192,#,1191,#,1190,#,1189,#,1188,#,1187,#,1186,#,1185,#,1184,#,1183,#,1182,#,1181,#,1180,#,1179,#,1178,#,1177,#,1176,#,1175,#,1174,#,1173,#,1172,#,1171,#,1170,#,1169,#,1168,#,1167,#,1166,#,1165,#,1164,#,1163,#,1162,#,1161,#,1160,#,1159,#,1158,#,1157,#,1156,#,1155,#,1154,#,1153,#,1152,#,1151,#,1150,#,1149,#,1148,#,1147,#,1146,#,1145,#,1144,#,1143,#,1142,#,1141,#,1140,#,1139,#,1138,#,1137,#,1136,#,1135,#,1134,#,1133,#,1132,#,1131,#,1130,#,1129,#,1128,#,1127,#,1126,#,1125,#,1124,#,1123,#,1122,#,1121,#,1120,#,1119,#,1118,#,1117,#,1116,#,1115,#,1114,#,1113,#,1112,#,1111,#,1110,#,1109,#,1108,#,1107,#,1106,#,1105,#,1104,#,1103,#,1102,#,1101,#,1100,#,1099,#,1098,#,1097,#,1096,#,1095,#,1094,#,1093,#,1092,#,1091,#,1090,#,1089,#,1088,#,1087,#,1086,#,1085,#,1084,#,1083,#,1082,#,1081,#,1080,#,1079,#,1078,#,1077,#,1076,#,1075,#,1074,#,1073,#,1072,#,1071,#,1070,#,1069,#,1068,#,1067,#,1066,#,1065,#,1064,#,1063,#,1062,#,1061,#,1060,#,1059,#,1058,#,1057,#,1056,#,1055,#,1054,#,1053,#,1052,#,1051,#,1050,#,1049,#,1048,#,1047,#,1046,#,1045,#,1044,#,1043,#,1042,#,1041,#,1040,#,1039,#,1038,#,1037,#,1036,#,1035,#,1034,#,1033,#,1032,#,1031,#,1030,#,1029,#,1028,#,1027,#,1026,#,1025,#,1024,#,1023,#,1022,#,1021,#,1020,#,1019,#,1018,#,1017,#,1016,#,1015,#,1014,#,1013,#,1012,#,1011,#,1010,#,1009,#,1008,#,1007,#,1006,#,1005,#,1004,#,1003,#,1002,#,1001,#,1000,#,999,#,998,#,997,#,996,#,995,#,994,#,993,#,992,#,991,#,990,#,989,#,988,#,987,#,986,#,985,#,984,#,983,#,982,#,981,#,980,#,979,#,978,#,977,#,976,#,975,#,974,#,973,#,972,#,971,#,970,#,969,#,968,#,967,#,966,#,965,#,964,#,963,#,962,#,961,#,960,#,959,#,958,#,957,#,956,#,955,#,954,#,953,#,952,#,951,#,950,#,949,#,948,#,947,#,946,#,945,#,944,#,943,#,942,#,941,#,940,#,939,#,938,#,937,#,936,#,935,#,934,#,933,#,932,#,931,#,930,#,929,#,928,#,927,#,926,#,925,#,924,#,923,#,922,#,921,#,920,#,919,#,918,#,917,#,916,#,915,#,914,#,913,#,912,#,911,#,910,#,909,#,908,#,907,#,906,#,905,#,904,#,903,#,902,#,901,#,900,#,899,#,898,#,897,#,896,#,895,#,894,#,893,#,892,#,891,#,890,#,889,#,888,#,887,#,886,#,885,#,884,#,883,#,882,#,881,#,880,#,879,#,878,#,877,#,876,#,875,#,874,#,873,#,872,#,871,#,870,#,869,#,868,#,867,#,866,#,865,#,864,#,863,#,862,#,861,#,860,#,859,#,858,#,857,#,856,#,855,#,854,#,853,#,852,#,851,#,850,#,849,#,848,#,847,#,846,#,845,#,844,#,843,#,842,#,841,#,840,#,839,#,838,#,837,#,836,#,835,#,834,#,833,#,832,#,831,#,830,#,829,#,828,#,827,#,826,#,825,#,824,#,823,#,822,#,821,#,820,#,819,#,818,#,817,#,816,#,815,#,814,#,813,#,812,#,811,#,810,#,809,#,808,#,807,#,806,#,805,#,804,#,803,#,802,#,801,#,800,#,799,#,798,#,797,#,796,#,795,#,794,#,793,#,792,#,791,#,790,#,789,#,788,#,787,#,786,#,785,#,784,#,783,#,782,#,781,#,780,#,779,#,778,#,777,#,776,#,775,#,774,#,773,#,772,#,771,#,770,#,769,#,768,#,767,#,766,#,765,#,764,#,763,#,762,#,761,#,760,#,759,#,758,#,757,#,756,#,755,#,754,#,753,#,752,#,751,#,750,#,749,#,748,#,747,#,746,#,745,#,744,#,743,#,742,#,741,#,740,#,739,#,738,#,737,#,736,#,735,#,734,#,733,#,732,#,731,#,730,#,729,#,728,#,727,#,726,#,725,#,724,#,723,#,722,#,721,#,720,#,719,#,718,#,717,#,716,#,715,#,714,#,713,#,712,#,711,#,710,#,709,#,708,#,707,#,706,#,705,#,704,#,703,#,702,#,701,#,700,#,699,#,698,#,697,#,696,#,695,#,694,#,693,#,692,#,691,#,690,#,689,#,688,#,687,#,686,#,685,#,684,#,683,#,682,#,681,#,680,#,679,#,678,#,677,#,676,#,675,#,674,#,673,#,672,#,671,#,670,#,669,#,668,#,667,#,666,#,665,#,664,#,663,#,662,#,661,#,660,#,659,#,658,#,657,#,656,#,655,#,654,#,653,#,652,#,651,#,650,#,649,#,648,#,647,#,646,#,645,#,644,#,643,#,642,#,641,#,640,#,639,#,638,#,637,#,636,#,635,#,634,#,633,#,632,#,631,#,630,#,629,#,628,#,627,#,626,#,625,#,624,#,623,#,622,#,621,#,620,#,619,#,618,#,617,#,616,#,615,#,614,#,613,#,612,#,611,#,610,#,609,#,608,#,607,#,606,#,605,#,604,#,603,#,602,#,601,#,600,#,599,#,598,#,597,#,596,#,595,#,594,#,593,#,592,#,591,#,590,#,589,#,588,#,587,#,586,#,585,#,584,#,583,#,582,#,581,#,580,#,579,#,578,#,577,#,576,#,575,#,574,#,573,#,572,#,571,#,570,#,569,#,568,#,567,#,566,#,565,#,564,#,563,#,562,#,561,#,560,#,559,#,558,#,557,#,556,#,555,#,554,#,553,#,552,#,551,#,550,#,549,#,548,#,547,#,546,#,545,#,544,#,543,#,542,#,541,#,540,#,539,#,538,#,537,#,536,#,535,#,534,#,533,#,532,#,531,#,530,#,529,#,528,#,527,#,526,#,525,#,524,#,523,#,522,#,521,#,520,#,519,#,518,#,517,#,516,#,515,#,514,#,513,#,512,#,511,#,510,#,509,#,508,#,507,#,506,#,505,#,504,#,503,#,502,#,501,#,500,#,499,#,498,#,497,#,496,#,495,#,494,#,493,#,492,#,491,#,490,#,489,#,488,#,487,#,486,#,485,#,484,#,483,#,482,#,481,#,480,#,479,#,478,#,477,#,476,#,475,#,474,#,473,#,472,#,471,#,470,#,469,#,468,#,467,#,466,#,465,#,464,#,463,#,462,#,461,#,460,#,459,#,458,#,457,#,456,#,455,#,454,#,453,#,452,#,451,#,450,#,449,#,448,#,447,#,446,#,445,#,444,#,443,#,442,#,441,#,440,#,439,#,438,#,437,#,436,#,435,#,434,#,433,#,432,#,431,#,430,#,429,#,428,#,427,#,426,#,425,#,424,#,423,#,422,#,421,#,420,#,419,#,418,#,417,#,416,#,415,#,414,#,413,#,412,#,411,#,410,#,409,#,408,#,407,#,406,#,405,#,404,#,403,#,402,#,401,#,400,#,399,#,398,#,397,#,396,#,395,#,394,#,393,#,392,#,391,#,390,#,389,#,388,#,387,#,386,#,385,#,384,#,383,#,382,#,381,#,380,#,379,#,378,#,377,#,376,#,375,#,374,#,373,#,372,#,371,#,370,#,369,#,368,#,367,#,366,#,365,#,364,#,363,#,362,#,361,#,360,#,359,#,358,#,357,#,356,#,355,#,354,#,353,#,352,#,351,#,350,#,349,#,348,#,347,#,346,#,345,#,344,#,343,#,342,#,341,#,340,#,339,#,338,#,337,#,336,#,335,#,334,#,333,#,332,#,331,#,330,#,329,#,328,#,327,#,326,#,325,#,324,#,323,#,322,#,321,#,320,#,319,#,318,#,317,#,316,#,315,#,314,#,313,#,312,#,311,#,310,#,309,#,308,#,307,#,306,#,305,#,304,#,303,#,302,#,301,#,300,#,299,#,298,#,297,#,296,#,295,#,294,#,293,#,292,#,291,#,290,#,289,#,288,#,287,#,286,#,285,#,284,#,283,#,282,#,281,#,280,#,279,#,278,#,277,#,276,#,275,#,274,#,273,#,272,#,271,#,270,#,269,#,268,#,267,#,266,#,265,#,264,#,263,#,262,#,261,#,260,#,259,#,258,#,257,#,256,#,255,#,254,#,253,#,252,#,251,#,250,#,249,#,248,#,247,#,246,#,245,#,244,#,243,#,242,#,241,#,240,#,239,#,238,#,237,#,236,#,235,#,234,#,233,#,232,#,231,#,230,#,229,#,228,#,227,#,226,#,225,#,224,#,223,#,222,#,221,#,220,#,219,#,218,#,217,#,216,#,215,#,214,#,213,#,212,#,211,#,210,#,209,#,208,#,207,#,206,#,205,#,204,#,203,#,202,#,201,#,200,#,199,#,198,#,197,#,196,#,195,#,194,#,193,#,192,#,191,#,190,#,189,#,188,#,187,#,186,#,185,#,184,#,183,#,182,#,181,#,180,#,179,#,178,#,177,#,176,#,175,#,174,#,173,#,172,#,171,#,170,#,169,#,168,#,167,#,166,#,165,#,164,#,163,#,162,#,161,#,160,#,159,#,158,#,157,#,156,#,155,#,154,#,153,#,152,#,151,#,150,#,149,#,148,#,147,#,146,#,145,#,144,#,143,#,142,#,141,#,140,#,139,#,138,#,137,#,136,#,135,#,134,#,133,#,132,#,131,#,130,#,129,#,128,#,127,#,126,#,125,#,124,#,123,#,122,#,121,#,120,#,119,#,118,#,117,#,116,#,115,#,114,#,113,#,112,#,111,#,110,#,109,#,108,#,107,#,106,#,105,#,104,#,103,#,102,#,101,#,100,#,99,#,98,#,97,#,96,#,95,#,94,#,93,#,92,#,91,#,90,#,89,#,88,#,87,#,86,#,85,#,84,#,83,#,82,#,81,#,80,#,79,#,78,#,77,#,76,#,75,#,74,#,73,#,72,#,71,#,70,#,69,#,68,#,67,#,66,#,65,#,64,#,63,#,62,#,61,#,60,#,59,#,58,#,57,#,56,#,55,#,54,#,53,#,52,#,51,#,50,#,49,#,48,#,47,#,46,#,45,#,44,#,43,#,42,#,41,#,40,#,39,#,38,#,37,#,36,#,35,#,34,#,33,#,32,#,31,#,30,#,29,#,28,#,27,#,26,#,25,#,24,#,23,#,22,#,21,#,20,#,19,#,18,#,17,#,16,#,15,#,14,#,13,#,12,#,11,#,10,#,9,#,8,#,7,#,6,#,5,#,4,#,3,#,2,#,1,#,0,#,-1,#,-2,#,-3,#,-4,#,-5,#,-6,#,-7,#,-8,#,-9,#,-10,#,-11,#,-12,#,-13,#,-14,#,-15,#,-16,#,-17,#,-18,#,-19,#,-20,#,-21,#,-22,#,-23,#,-24,#,-25,#,-26,#,-27,#,-28,#,-29,#,-30,#,-31,#,-32,#,-33,#,-34,#,-35,#,-36,#,-37,#,-38,#,-39,#,-40,#,-41,#,-42,#,-43,#,-44,#,-45,#,-46,#,-47,#,-48,#,-49,#,-50,#,-51,#,-52,#,-53,#,-54,#,-55,#,-56,#,-57,#,-58,#,-59,#,-60,#,-61,#,-62,#,-63,#,-64,#,-65,#,-66,#,-67,#,-68,#,-69,#,-70,#,-71,#,-72,#,-73,#,-74,#,-75,#,-76,#,-77,#,-78,#,-79,#,-80,#,-81,#,-82,#,-83,#,-84,#,-85,#,-86,#,-87,#,-88,#,-89,#,-90,#,-91,#,-92,#,-93,#,-94,#,-95,#,-96,#,-97,#,-98,#,-99,#,-100,#,-101,#,-102,#,-103,#,-104,#,-105,#,-106,#,-107,#,-108,#,-109,#,-110,#,-111,#,-112,#,-113,#,-114,#,-115,#,-116,#,-117,#,-118,#,-119,#,-120,#,-121,#,-122,#,-123,#,-124,#,-125,#,-126,#,-127,#,-128,#,-129,#,-130,#,-131,#,-132,#,-133,#,-134,#,-135,#,-136,#,-137,#,-138,#,-139,#,-140,#,-141,#,-142,#,-143,#,-144,#,-145,#,-146,#,-147,#,-148,#,-149,#,-150,#,-151,#,-152,#,-153,#,-154,#,-155,#,-156,#,-157,#,-158,#,-159,#,-160,#,-161,#,-162,#,-163,#,-164,#,-165,#,-166,#,-167,#,-168,#,-169,#,-170,#,-171,#,-172,#,-173,#,-174,#,-175,#,-176,#,-177,#,-178,#,-179,#,-180,#,-181,#,-182,#,-183,#,-184,#,-185,#,-186,#,-187,#,-188,#,-189,#,-190,#,-191,#,-192,#,-193,#,-194,#,-195,#,-196,#,-197,#,-198,#,-199,#,-200,#,-201,#,-202,#,-203,#,-204,#,-205,#,-206,#,-207,#,-208,#,-209,#,-210,#,-211,#,-212,#,-213,#,-214,#,-215,#,-216,#,-217,#,-218,#,-219,#,-220,#,-221,#,-222,#,-223,#,-224,#,-225,#,-226,#,-227,#,-228,#,-229,#,-230,#,-231,#,-232,#,-233,#,-234,#,-235,#,-236,#,-237,#,-238,#,-239,#,-240,#,-241,#,-242,#,-243,#,-244,#,-245,#,-246,#,-247,#,-248,#,-249,#,-250,#,-251,#,-252,#,-253,#,-254,#,-255,#,-256,#,-257,#,-258,#,-259,#,-260,#,-261,#,-262,#,-263,#,-264,#,-265,#,-266,#,-267,#,-268,#,-269,#,-270,#,-271,#,-272,#,-273,#,-274,#,-275,#,-276,#,-277,#,-278,#,-279,#,-280,#,-281,#,-282,#,-283,#,-284,#,-285,#,-286,#,-287,#,-288,#,-289,#,-290,#,-291,#,-292,#,-293,#,-294,#,-295,#,-296,#,-297,#,-298,#,-299,#,-300,#,-301,#,-302,#,-303,#,-304,#,-305,#,-306,#,-307,#,-308,#,-309,#,-310,#,-311,#,-312,#,-313,#,-314,#,-315,#,-316,#,-317,#,-318,#,-319,#,-320,#,-321,#,-322,#,-323,#,-324,#,-325,#,-326,#,-327,#,-328,#,-329,#,-330,#,-331,#,-332,#,-333,#,-334,#,-335,#,-336,#,-337,#,-338,#,-339,#,-340,#,-341,#,-342,#,-343,#,-344,#,-345,#,-346,#,-347,#,-348,#,-349,#,-350,#,-351,#,-352,#,-353,#,-354,#,-355,#,-356,#,-357,#,-358,#,-359,#,-360,#,-361,#,-362,#,-363,#,-364,#,-365,#,-366,#,-367,#,-368,#,-369,#,-370,#,-371,#,-372,#,-373,#,-374,#,-375,#,-376,#,-377,#,-378,#,-379,#,-380,#,-381,#,-382,#,-383,#,-384,#,-385,#,-386,#,-387,#,-388,#,-389,#,-390,#,-391,#,-392,#,-393,#,-394,#,-395,#,-396,#,-397,#,-398,#,-399,#,-400,#,-401,#,-402,#,-403,#,-404,#,-405,#,-406,#,-407,#,-408,#,-409,#,-410,#,-411,#,-412,#,-413,#,-414,#,-415,#,-416,#,-417,#,-418,#,-419,#,-420,#,-421,#,-422,#,-423,#,-424,#,-425,#,-426,#,-427,#,-428,#,-429,#,-430,#,-431,#,-432,#,-433,#,-434,#,-435,#,-436,#,-437,#,-438,#,-439,#,-440,#,-441,#,-442,#,-443,#,-444,#,-445,#,-446,#,-447,#,-448,#,-449,#,-450,#,-451,#,-452,#,-453,#,-454,#,-455,#,-456,#,-457,#,-458,#,-459,#,-460,#,-461,#,-462,#,-463,#,-464,#,-465,#,-466,#,-467,#,-468,#,-469,#,-470,#,-471,#,-472,#,-473,#,-474,#,-475,#,-476,#,-477,#,-478,#,-479,#,-480,#,-481,#,-482,#,-483,#,-484,#,-485,#,-486,#,-487,#,-488,#,-489,#,-490,#,-491,#,-492,#,-493,#,-494,#,-495,#,-496,#,-497,#,-498,#,-499,#,-500,#,-501,#,-502,#,-503,#,-504,#,-505,#,-506,#,-507,#,-508,#,-509,#,-510,#,-511,#,-512,#,-513,#,-514,#,-515,#,-516,#,-517,#,-518,#,-519,#,-520,#,-521,#,-522,#,-523,#,-524,#,-525,#,-526,#,-527,#,-528,#,-529,#,-530,#,-531,#,-532,#,-533,#,-534,#,-535,#,-536,#,-537,#,-538,#,-539,#,-540,#,-541,#,-542,#,-543,#,-544,#,-545,#,-546,#,-547,#,-548,#,-549,#,-550,#,-551,#,-552,#,-553,#,-554,#,-555,#,-556,#,-557,#,-558,#,-559,#,-560,#,-561,#,-562,#,-563,#,-564,#,-565,#,-566,#,-567,#,-568,#,-569,#,-570,#,-571,#,-572,#,-573,#,-574,#,-575,#,-576,#,-577,#,-578,#,-579,#,-580,#,-581,#,-582,#,-583,#,-584,#,-585,#,-586,#,-587,#,-588,#,-589,#,-590,#,-591,#,-592,#,-593,#,-594,#,-595,#,-596,#,-597,#,-598,#,-599,#,-600,#,-601,#,-602,#,-603,#,-604,#,-605,#,-606,#,-607,#,-608,#,-609,#,-610,#,-611,#,-612,#,-613,#,-614,#,-615,#,-616,#,-617,#,-618,#,-619,#,-620,#,-621,#,-622,#,-623,#,-624,#,-625,#,-626,#,-627,#,-628,#,-629,#,-630,#,-631,#,-632,#,-633,#,-634,#,-635,#,-636,#,-637,#,-638,#,-639,#,-640,#,-641,#,-642,#,-643,#,-644,#,-645,#,-646,#,-647,#,-648,#,-649,#,-650,#,-651,#,-652,#,-653,#,-654,#,-655,#,-656,#,-657,#,-658,#,-659,#,-660,#,-661,#,-662,#,-663,#,-664,#,-665,#,-666,#,-667,#,-668,#,-669,#,-670,#,-671,#,-672,#,-673,#,-674,#,-675,#,-676,#,-677,#,-678,#,-679,#,-680,#,-681,#,-682,#,-683,#,-684,#,-685,#,-686,#,-687,#,-688,#,-689,#,-690,#,-691,#,-692,#,-693,#,-694,#,-695,#,-696,#,-697,#,-698,#,-699,#,-700,#,-701,#,-702,#,-703,#,-704,#,-705,#,-706,#,-707,#,-708,#,-709,#,-710,#,-711,#,-712,#,-713,#,-714,#,-715,#,-716,#,-717,#,-718,#,-719,#,-720,#,-721,#,-722,#,-723,#,-724,#,-725,#,-726,#,-727,#,-728,#,-729,#,-730,#,-731,#,-732,#,-733,#,-734,#,-735,#,-736,#,-737,#,-738,#,-739,#,-740,#,-741,#,-742,#,-743,#,-744,#,-745,#,-746,#,-747,#,-748,#,-749,#,-750,#,-751,#,-752,#,-753,#,-754,#,-755,#,-756,#,-757,#,-758,#,-759,#,-760,#,-761,#,-762,#,-763,#,-764,#,-765,#,-766,#,-767,#,-768,#,-769,#,-770,#,-771,#,-772,#,-773,#,-774,#,-775,#,-776,#,-777,#,-778,#,-779,#,-780,#,-781,#,-782,#,-783,#,-784,#,-785,#,-786,#,-787,#,-788,#,-789,#,-790,#,-791,#,-792,#,-793,#,-794,#,-795,#,-796,#,-797,#,-798,#,-799,#,-800,#,-801,#,-802,#,-803,#,-804,#,-805,#,-806,#,-807,#,-808,#,-809,#,-810,#,-811,#,-812,#,-813,#,-814,#,-815,#,-816,#,-817,#,-818,#,-819,#,-820,#,-821,#,-822,#,-823,#,-824,#,-825,#,-826,#,-827,#,-828,#,-829,#,-830,#,-831,#,-832,#,-833,#,-834,#,-835,#,-836,#,-837,#,-838,#,-839,#,-840,#,-841,#,-842,#,-843,#,-844,#,-845,#,-846,#,-847,#,-848,#,-849,#,-850,#,-851,#,-852,#,-853,#,-854,#,-855,#,-856,#,-857,#,-858,#,-859,#,-860,#,-861,#,-862,#,-863,#,-864,#,-865,#,-866,#,-867,#,-868,#,-869,#,-870,#,-871,#,-872,#,-873,#,-874,#,-875,#,-876,#,-877,#,-878,#,-879,#,-880,#,-881,#,-882,#,-883,#,-884,#,-885,#,-886,#,-887,#,-888,#,-889,#,-890,#,-891,#,-892,#,-893,#,-894,#,-895,#,-896,#,-897,#,-898,#,-899,#,-900,#,-901,#,-902,#,-903,#,-904,#,-905,#,-906,#,-907,#,-908,#,-909,#,-910,#,-911,#,-912,#,-913,#,-914,#,-915,#,-916,#,-917,#,-918,#,-919,#,-920,#,-921,#,-922,#,-923,#,-924,#,-925,#,-926,#,-927,#,-928,#,-929,#,-930,#,-931,#,-932,#,-933,#,-934,#,-935,#,-936,#,-937,#,-938,#,-939,#,-940,#,-941,#,-942,#,-943,#,-944,#,-945,#,-946,#,-947,#,-948,#,-949,#,-950,#,-951,#,-952,#,-953,#,-954,#,-955,#,-956,#,-957,#,-958,#,-959,#,-960,#,-961,#,-962,#,-963,#,-964,#,-965,#,-966,#,-967,#,-968,#,-969,#,-970,#,-971,#,-972,#,-973,#,-974,#,-975,#,-976,#,-977,#,-978,#,-979,#,-980,#,-981,#,-982,#,-983,#,-984,#,-985,#,-986,#,-987,#,-988,#,-989,#,-990,#,-991,#,-992,#,-993,#,-994,#,-995,#,-996,#,-997,#,-998,#,-999}
