[0]	1
[0,0]	1
[0,-1]	2
[0,0,-1]	2
[1,0,-1]	3
[-1,1,0]	3
[1,2,0,1]	3
[0,0,1,-1]	3
[-1,1,2,0]	4
[100,4,200,1,3,2]	4
[1,3,5,2,4]	5
[0,3,7,2,5,8,4,6,0,1]	9
[9,1,4,7,3,-1,0,5,8,-1,6]	7
[9,1,-3,2,4,8,3,-1,6,-2,-4,7]	4
[2147483646,-2147483647,0,2,2147483644,-2147483645,2147483645]	3
[4,0,-4,-2,2,5,2,0,-8,-8,-8,-8,-1,7,4,5,5,-4,6,6,-3]	5
[1,-8,7,-2,-4,-4,6,3,-4,0,-7,-1,5,1,-9,-3]	6
[-8,-4,9,9,4,6,1,-4,-1,6,8]	2
[-7,-1,3,-9,-4,7,-3,2,4,9,4,-9,8,-7,5,-1,-7]	4
[-1,-9,-5,-2,-9,8,-8,1,-9,-3,-3]	3
[-2,-3,-3,7,-3,0,5,0,-8,-4,-1,2]	5
[-3,2,8,5,1,7,-8,2,-8,-4,-1,6,-6,9,6,0,-7,4,5,-4,8,2,0,-2,-6,9,-4,-1]	7
[4,2,2,-4,0,-2,4,-3,-4,-4,-5,1,4,-9,5,0,6,-8,-1,-3,6,5,-8,-1,-5,-1,2,-9,1]	8
[-1,-4,0,8,-2,6,-4,-8,9,-2,-6,-6]	3
[7,-9,3,-6,3,5,3,6,-2,-5,8,6,-4,-6,-4,-4,5,-9,2,7,0,0]	4
[-7,2,-3,8,9,0,8,4,-5,8,-5,-5,1,6,4]	3
[-6,8,-5,7,-9,-1,-7,-6,-9,-7,5,7,-1,-8,-8,-2,0]	5
[-4,-4,2,-6,9,6,8,-6,-9,-1,9,5,2,-6,0]	2
[7,-2,9,9,1,9,8,-4,6,-6,-6,4,1,3,6,3,5,-2,3,4,-6,1,5,-9,6,1,2,-2,1]	9
[-8,-2,-3,-9,-6,7,9,-8,9,2,-8]	2
[-6,-1,-1,9,-8,-6,-6,4,4,-3,-8,-1]	1
[7,7,3,-4,-2,2,-6,6,5,-5]	3
[2,-9,8,-2,0,9,-3,3,-4,5,-1,-3,5,2,8,-1,5,9,5]	5
[7,2,-2,9,6,9,-7,2,1,-3,-1,-7,-5]	3
[-3,4,9,3,-6,-5,-5,-1,-1,9,7,-3,-4]	4
[-7,7,-6,6,-1,2,5,-5,-2,8]	4
[9,-8,9,8,-7,9,-4,6,5,5,6,7,-9,-5,-4,6,-8,-1,8,0,1,5,4]	6
[-9,-4,9,-7,0,7,3,-1,6,2,-2,8,-2,0,2,-7,-5,-2,6,-5,0,-8,8,1,0,6,8,-8,-1]	6
[-4,-1,4,-5,1,-6,9,-6,0,2,2,7,0,9,-3,8,9,-2,-6,5,0,3,4,-2]	12
[-6,-9,8,-8,-1,-3,-6,8,-9,-1,-4,-8,-5,0,1,6,-8,-5,-7,8,-2,-8,4,5,-5,-1,-5]	11
[9,-1,4,-9,-3,0,-8,2,6,-4,-3,4,1,3,5,5,-7,-7,1,-9,-3,3,8,4,1,2]	8
[5,8,-2,-4,7,3,-9,7,9,-3,6,2,-7,8,5,3,-4,-2,-2,-9,-3,-3,-2,-2,3,7,-7,-6,-1]	5
[-3,-9,-3,4,-3,-9,-3,-6,8,-3,0,1,5,-1,-4,0,-7,1,5]	3
[-2,-8,4,5,-4,-6,-1,-1,-2,7,7,4,5,-6,-2,-8,-6,1,-8,8,4,-2,-4,-4,6,1]	5
[5,-8,1,-7,-4,-1,3,7,5,6,-3,-9,-6,-6,7,4]	5
[7,8,6,-9,0,4,9,-9,-8,-5]	4
[5,3,9,0,1,-3,-1,7,5,-8,4,-3,8,-9,-6,8,-8]	3
[3,6,7,1,0,5,7,-9,1,8,-7,2,-8,7,-5]	4
[-6,6,-3,3,0,8,4,-6,-4,2,-8,-1,-2,9,-3,-9,2,-9,-2,8,5,-7,9,-7,7,-8,5,8]	8
[9,8,8,2,-8,1,-8,9,-7,-7,-8,1,-6,1,8,9,7,5,1,4,-6,0,0,-7]	3
[-1,9,-3,-6,7,-8,-6,2,9,2,3,-2,4,-1,0,6,1,-9,6,8,6,5,2]	13
[-7,-4,4,-1,2,6,4,-8,2,-9,-5,-4,-8,-5,7,8,7,-3,-7,-2,6,-1,-6,-6,-4,6,-8,-8]	9
[3,3,0,8,-6,9,1,7,3,-1]	3
[1,3,5,-1,5,-1,-6,2,3,-4,9,-1,1,9,-1,7,5,0,8,-7,9,-2,-1,7]	6
[-5,-5,-4,8,3,1,-4,-6,-7,4,8,-1,8,-3,-8,-9,-7,-3,2,-8,5,-1,3,-8,-6]	7
[-9,2,-9,4,7,-4,9,-7,-9,-1,0,-4,-1,0,9,-6,8,4,0,6]	4
[2,-7,-6,0,4,2,-7,2,2,4,2,-9,2,-4,7,7,-8,6,7,-2,-6,9,3,3,5]	6
[-2,0,-6,-9,-8,6,-7,-5,-7,3,3,-7,-5,-5,3,3,-4]	6
[5,-7,-8,7,6,5,-8,9,4,4,2,0,-2,6,6,2,6,7,-5,5,-8,-3,-2,4,-4,-1,5,9,-8]	6
[-6,6,-9,-7,0,3,4,-2,2,-1,9,-9,5,-3,6,1,5,-1,-2,9,-9,-4,-6,-5,6,-1,3]	14
[-5,1,-1,-4,-6,-4,-5,4,8,8,8,-3,-3,7,-3,-8,-8,9,-1,6,-5,3,3,-5,8,3,-1]	4
[8,8,9,-6,-1,-5,-1,2,-3,3,-7,-8,-2,-8,-2,5,8,4,3]	4
[0,-7,0,4,2,-7,8,1,5,-6,8]	3
[-8,7,3,0,8,8,8,-5,-2,-8,-4,6,-7,3,1,7,-6,-9,1,3]	6
[-9,-6,2,-7,8,9,4,-8,7,-3]	4
[9000,8999,8998,8997,8996,8995,8994,8993,8992,8991,8990,8989,8988,8987,8986,8985,8984,8983,8982,8981,8980,8979,8978,8977,8976,8975,8974,8973,8972,8971,8970,8969,8968,8967,8966,8965,8964,8963,8962,8961,8960,8959,8958,8957,8956,8955,8954,8953,8952,8951,8950,8949,8948,8947,8946,8945,8944,8943,8942,8941,8940,8939,8938,8937,8936,8935,8934,8933,8932,8931,8930,8929,8928,8927,8926,8925,8924,8923,8922,8921,8920,8919,8918,8917,8916,8915,8914,8913,8912,8911,8910,8909,8908,8907,8906,8905,8904,8903,8902,8901,8900,8899,8898,8897,8896,8895,8894,8893,8892,8891,8890,8889,8888,8887,8886,8885,8884,8883,8882,8881,8880,8879,8878,8877,8876,8875,8874,8873,8872,8871,8870,8869,8868,8867,8866,8865,8864,8863,8862,8861,8860,8859,8858,8857,8856,8855,8854,8853,8852,8851,8850,8849,8848,8847,8846,8845,8844,8843,8842,8841,8840,8839,8838,8837,8836,8835,8834,8833,8832,8831,8830,8829,8828,8827,8826,8825,8824,8823,8822,8821,8820,8819,8818,8817,8816,8815,8814,8813,8812,8811,8810,8809,8808,8807,8806,8805,8804,8803,8802,8801,8800,8799,8798,8797,8796,8795,8794,8793,8792,8791,8790,8789,8788,8787,8786,8785,8784,8783,8782,8781,8780,8779,8778,8777,8776,8775,8774,8773,8772,8771,8770,8769,8768,8767,8766,8765,8764,8763,8762,8761,8760,8759,8758,8757,8756,8755,8754,8753,8752,8751,8750,8749,8748,8747,8746,8745,8744,8743,8742,8741,8740,8739,8738,8737,8736,8735,8734,8733,8732,8731,8730,8729,8728,8727,8726,8725,8724,8723,8722,8721,8720,8719,8718,8717,8716,8715,8714,8713,8712,8711,8710,8709,8708,8707,8706,8705,8704,8703,8702,8701,8700,8699,8698,8697,8696,8695,8694,8693,8692,8691,8690,8689,8688,8687,8686,8685,8684,8683,8682,8681,8680,8679,8678,8677,8676,8675,8674,8673,8672,8671,8670,8669,8668,8667,8666,8665,8664,8663,8662,8661,8660,8659,8658,8657,8656,8655,8654,8653,8652,8651,8650,8649,8648,8647,8646,8645,8644,8643,8642,8641,8640,8639,8638,8637,8636,8635,8634,8633,8632,8631,8630,8629,8628,8627,8626,8625,8624,8623,8622,8621,8620,8619,8618,8617,8616,8615,8614,8613,8612,8611,8610,8609,8608,8607,8606,8605,8604,8603,8602,8601,8600,8599,8598,8597,8596,8595,8594,8593,8592,8591,8590,8589,8588,8587,8586,8585,8584,8583,8582,8581,8580,8579,8578,8577,8576,8575,8574,8573,8572,8571,8570,8569,8568,8567,8566,8565,8564,8563,8562,8561,8560,8559,8558,8557,8556,8555,8554,8553,8552,8551,8550,8549,8548,8547,8546,8545,8544,8543,8542,8541,8540,8539,8538,8537,8536,8535,8534,8533,8532,8531,8530,8529,8528,8527,8526,8525,8524,8523,8522,8521,8520,8519,8518,8517,8516,8515,8514,8513,8512,8511,8510,8509,8508,8507,8506,8505,8504,8503,8502,8501,8500,8499,8498,8497,8496,8495,8494,8493,8492,8491,8490,8489,8488,8487,8486,8485,8484,8483,8482,8481,8480,8479,8478,8477,8476,8475,8474,8473,8472,8471,8470,8469,8468,8467,8466,8465,8464,8463,8462,8461,8460,8459,8458,8457,8456,8455,8454,8453,8452,8451,8450,8449,8448,8447,8446,8445,8444,8443,8442,8441,8440,8439,8438,8437,8436,8435,8434,8433,8432,8431,8430,8429,8428,8427,8426,8425,8424,8423,8422,8421,8420,8419,8418,8417,8416,8415,8414,8413,8412,8411,8410,8409,8408,8407,8406,8405,8404,8403,8402,8401,8400,8399,8398,8397,8396,8395,8394,8393,8392,8391,8390,8389,8388,8387,8386,8385,8384,8383,8382,8381,8380,8379,8378,8377,8376,8375,8374,8373,8372,8371,8370,8369,8368,8367,8366,8365,8364,8363,8362,8361,8360,8359,8358,8357,8356,8355,8354,8353,8352,8351,8350,8349,8348,8347,8346,8345,8344,8343,8342,8341,8340,8339,8338,8337,8336,8335,8334,8333,8332,8331,8330,8329,8328,8327,8326,8325,8324,8323,8322,8321,8320,8319,8318,8317,8316,8315,8314,8313,8312,8311,8310,8309,8308,8307,8306,8305,8304,8303,8302,8301,8300,8299,8298,8297,8296,8295,8294,8293,8292,8291,8290,8289,8288,8287,8286,8285,8284,8283,8282,8281,8280,8279,8278,8277,8276,8275,8274,8273,8272,8271,8270,8269,8268,8267,8266,8265,8264,8263,8262,8261,8260,8259,8258,8257,8256,8255,8254,8253,8252,8251,8250,8249,8248,8247,8246,8245,8244,8243,8242,8241,8240,8239,8238,8237,8236,8235,8234,8233,8232,8231,8230,8229,8228,8227,8226,8225,8224,8223,8222,8221,8220,8219,8218,8217,8216,8215,8214,8213,8212,8211,8210,8209,8208,8207,8206,8205,8204,8203,8202,8201,8200,8199,8198,8197,8196,8195,8194,8193,8192,8191,8190,8189,8188,8187,8186,8185,8184,8183,8182,8181,8180,8179,8178,8177,8176,8175,8174,8173,8172,8171,8170,8169,8168,8167,8166,8165,8164,8163,8162,8161,8160,8159,8158,8157,8156,8155,8154,8153,8152,8151,8150,8149,8148,8147,8146,8145,8144,8143,8142,8141,8140,8139,8138,8137,8136,8135,8134,8133,8132,8131,8130,8129,8128,8127,8126,8125,8124,8123,8122,8121,8120,8119,8118,8117,8116,8115,8114,8113,8112,8111,8110,8109,8108,8107,8106,8105,8104,8103,8102,8101,8100,8099,8098,8097,8096,8095,8094,8093,8092,8091,8090,8089,8088,8087,8086,8085,8084,8083,8082,8081,8080,8079,8078,8077,8076,8075,8074,8073,8072,8071,8070,8069,8068,8067,8066,8065,8064,8063,8062,8061,8060,8059,8058,8057,8056,8055,8054,8053,8052,8051,8050,8049,8048,8047,8046,8045,8044,8043,8042,8041,8040,8039,8038,8037,8036,8035,8034,8033,8032,8031,8030,8029,8028,8027,8026,8025,8024,8023,8022,8021,8020,8019,8018,8017,8016,8015,8014,8013,8012,8011,8010,8009,8008,8007,8006,8005,8004,8003,8002,8001,8000,7999,7998,7997,7996,7995,7994,7993,7992,7991,7990,7989,7988,7987,7986,7985,7984,7983,7982,7981,7980,7979,7978,7977,7976,7975,7974,7973,7972,7971,7970,7969,7968,7967,7966,7965,7964,7963,7962,7961,7960,7959,7958,7957,7956,7955,7954,7953,7952,7951,7950,7949,7948,7947,7946,7945,7944,7943,7942,7941,7940,7939,7938,7937,7936,7935,7934,7933,7932,7931,7930,7929,7928,7927,7926,7925,7924,7923,7922,7921,7920,7919,7918,7917,7916,7915,7914,7913,7912,7911,7910,7909,7908,7907,7906,7905,7904,7903,7902,7901,7900,7899,7898,7897,7896,7895,7894,7893,7892,7891,7890,7889,7888,7887,7886,7885,7884,7883,7882,7881,7880,7879,7878,7877,7876,7875,7874,7873,7872,7871,7870,7869,7868,7867,7866,7865,7864,7863,7862,7861,7860,7859,7858,7857,7856,7855,7854,7853,7852,7851,7850,7849,7848,7847,7846,7845,7844,7843,7842,7841,7840,7839,7838,7837,7836,7835,7834,7833,7832,7831,7830,7829,7828,7827,7826,7825,7824,7823,7822,7821,7820,7819,7818,7817,7816,7815,7814,7813,7812,7811,7810,7809,7808,7807,7806,7805,7804,7803,7802,7801,7800,7799,7798,7797,7796,7795,7794,7793,7792,7791,7790,7789,7788,7787,7786,7785,7784,7783,7782,7781,7780,7779,7778,7777,7776,7775,7774,7773,7772,7771,7770,7769,7768,7767,7766,7765,7764,7763,7762,7761,7760,7759,7758,7757,7756,7755,7754,7753,7752,7751,7750,7749,7748,7747,7746,7745,7744,7743,7742,7741,7740,7739,7738,7737,7736,7735,7734,7733,7732,7731,7730,7729,7728,7727,7726,7725,7724,7723,7722,7721,7720,7719,7718,7717,7716,7715,7714,7713,7712,7711,7710,7709,7708,7707,7706,7705,7704,7703,7702,7701,7700,7699,7698,7697,7696,7695,7694,7693,7692,7691,7690,7689,7688,7687,7686,7685,7684,7683,7682,7681,7680,7679,7678,7677,7676,7675,7674,7673,7672,7671,7670,7669,7668,7667,7666,7665,7664,7663,7662,7661,7660,7659,7658,7657,7656,7655,7654,7653,7652,7651,7650,7649,7648,7647,7646,7645,7644,7643,7642,7641,7640,7639,7638,7637,7636,7635,7634,7633,7632,7631,7630,7629,7628,7627,7626,7625,7624,7623,7622,7621,7620,7619,7618,7617,7616,7615,7614,7613,7612,7611,7610,7609,7608,7607,7606,7605,7604,7603,7602,7601,7600,7599,7598,7597,7596,7595,7594,7593,7592,7591,7590,7589,7588,7587,7586,7585,7584,7583,7582,7581,7580,7579,7578,7577,7576,7575,7574,7573,7572,7571,7570,7569,7568,7567,7566,7565,7564,7563,7562,7561,7560,7559,7558,7557,7556,7555,7554,7553,7552,7551,7550,7549,7548,7547,7546,7545,7544,7543,7542,7541,7540,7539,7538,7537,7536,7535,7534,7533,7532,7531,7530,7529,7528,7527,7526,7525,7524,7523,7522,7521,7520,7519,7518,7517,7516,7515,7514,7513,7512,7511,7510,7509,7508,7507,7506,7505,7504,7503,7502,7501,7500,7499,7498,7497,7496,7495,7494,7493,7492,7491,7490,7489,7488,7487,7486,7485,7484,7483,7482,7481,7480,7479,7478,7477,7476,7475,7474,7473,7472,7471,7470,7469,7468,7467,7466,7465,7464,7463,7462,7461,7460,7459,7458,7457,7456,7455,7454,7453,7452,7451,7450,7449,7448,7447,7446,7445,7444,7443,7442,7441,7440,7439,7438,7437,7436,7435,7434,7433,7432,7431,7430,7429,7428,7427,7426,7425,7424,7423,7422,7421,7420,7419,7418,7417,7416,7415,7414,7413,7412,7411,7410,7409,7408,7407,7406,7405,7404,7403,7402,7401,7400,7399,7398,7397,7396,7395,7394,7393,7392,7391,7390,7389,7388,7387,7386,7385,7384,7383,7382,7381,7380,7379,7378,7377,7376,7375,7374,7373,7372,7371,7370,7369,7368,7367,7366,7365,7364,7363,7362,7361,7360,7359,7358,7357,7356,7355,7354,7353,7352,7351,7350,7349,7348,7347,7346,7345,7344,7343,7342,7341,7340,7339,7338,7337,7336,7335,7334,7333,7332,7331,7330,7329,7328,7327,7326,7325,7324,7323,7322,7321,7320,7319,7318,7317,7316,7315,7314,7313,7312,7311,7310,7309,7308,7307,7306,7305,7304,7303,7302,7301,7300,7299,7298,7297,7296,7295,7294,7293,7292,7291,7290,7289,7288,7287,7286,7285,7284,7283,7282,7281,7280,7279,7278,7277,7276,7275,7274,7273,7272,7271,7270,7269,7268,7267,7266,7265,7264,7263,7262,7261,7260,7259,7258,7257,7256,7255,7254,7253,7252,7251,7250,7249,7248,7247,7246,7245,7244,7243,7242,7241,7240,7239,7238,7237,7236,7235,7234,7233,7232,7231,7230,7229,7228,7227,7226,7225,7224,7223,7222,7221,7220,7219,7218,7217,7216,7215,7214,7213,7212,7211,7210,7209,7208,7207,7206,7205,7204,7203,7202,7201,7200,7199,7198,7197,7196,7195,7194,7193,7192,7191,7190,7189,7188,7187,7186,7185,7184,7183,7182,7181,7180,7179,7178,7177,7176,7175,7174,7173,7172,7171,7170,7169,7168,7167,7166,7165,7164,7163,7162,7161,7160,7159,7158,7157,7156,7155,7154,7153,7152,7151,7150,7149,7148,7147,7146,7145,7144,7143,7142,7141,7140,7139,7138,7137,7136,7135,7134,7133,7132,7131,7130,7129,7128,7127,7126,7125,7124,7123,7122,7121,7120,7119,7118,7117,7116,7115,7114,7113,7112,7111,7110,7109,7108,7107,7106,7105,7104,7103,7102,7101,7100,7099,7098,7097,7096,7095,7094,7093,7092,7091,7090,7089,7088,7087,7086,7085,7084,7083,7082,7081,7080,7079,7078,7077,7076,7075,7074,7073,7072,7071,7070,7069,7068,7067,7066,7065,7064,7063,7062,7061,7060,7059,7058,7057,7056,7055,7054,7053,7052,7051,7050,7049,7048,7047,7046,7045,7044,7043,7042,7041,7040,7039,7038,7037,7036,7035,7034,7033,7032,7031,7030,7029,7028,7027,7026,7025,7024,7023,7022,7021,7020,7019,7018,7017,7016,7015,7014,7013,7012,7011,7010,7009,7008,7007,7006,7005,7004,7003,7002,7001,7000,6999,6998,6997,6996,6995,6994,6993,6992,6991,6990,6989,6988,6987,6986,6985,6984,6983,6982,6981,6980,6979,6978,6977,6976,6975,6974,6973,6972,6971,6970,6969,6968,6967,6966,6965,6964,6963,6962,6961,6960,6959,6958,6957,6956,6955,6954,6953,6952,6951,6950,6949,6948,6947,6946,6945,6944,6943,6942,6941,6940,6939,6938,6937,6936,6935,6934,6933,6932,6931,6930,6929,6928,6927,6926,6925,6924,6923,6922,6921,6920,6919,6918,6917,6916,6915,6914,6913,6912,6911,6910,6909,6908,6907,6906,6905,6904,6903,6902,6901,6900,6899,6898,6897,6896,6895,6894,6893,6892,6891,6890,6889,6888,6887,6886,6885,6884,6883,6882,6881,6880,6879,6878,6877,6876,6875,6874,6873,6872,6871,6870,6869,6868,6867,6866,6865,6864,6863,6862,6861,6860,6859,6858,6857,6856,6855,6854,6853,6852,6851,6850,6849,6848,6847,6846,6845,6844,6843,6842,6841,6840,6839,6838,6837,6836,6835,6834,6833,6832,6831,6830,6829,6828,6827,6826,6825,6824,6823,6822,6821,6820,6819,6818,6817,6816,6815,6814,6813,6812,6811,6810,6809,6808,6807,6806,6805,6804,6803,6802,6801,6800,6799,6798,6797,6796,6795,6794,6793,6792,6791,6790,6789,6788,6787,6786,6785,6784,6783,6782,6781,6780,6779,6778,6777,6776,6775,6774,6773,6772,6771,6770,6769,6768,6767,6766,6765,6764,6763,6762,6761,6760,6759,6758,6757,6756,6755,6754,6753,6752,6751,6750,6749,6748,6747,6746,6745,6744,6743,6742,6741,6740,6739,6738,6737,6736,6735,6734,6733,6732,6731,6730,6729,6728,6727,6726,6725,6724,6723,6722,6721,6720,6719,6718,6717,6716,6715,6714,6713,6712,6711,6710,6709,6708,6707,6706,6705,6704,6703,6702,6701,6700,6699,6698,6697,6696,6695,6694,6693,6692,6691,6690,6689,6688,6687,6686,6685,6684,6683,6682,6681,6680,6679,6678,6677,6676,6675,6674,6673,6672,6671,6670,6669,6668,6667,6666,6665,6664,6663,6662,6661,6660,6659,6658,6657,6656,6655,6654,6653,6652,6651,6650,6649,6648,6647,6646,6645,6644,6643,6642,6641,6640,6639,6638,6637,6636,6635,6634,6633,6632,6631,6630,6629,6628,6627,6626,6625,6624,6623,6622,6621,6620,6619,6618,6617,6616,6615,6614,6613,6612,6611,6610,6609,6608,6607,6606,6605,6604,6603,6602,6601,6600,6599,6598,6597,6596,6595,6594,6593,6592,6591,6590,6589,6588,6587,6586,6585,6584,6583,6582,6581,6580,6579,6578,6577,6576,6575,6574,6573,6572,6571,6570,6569,6568,6567,6566,6565,6564,6563,6562,6561,6560,6559,6558,6557,6556,6555,6554,6553,6552,6551,6550,6549,6548,6547,6546,6545,6544,6543,6542,6541,6540,6539,6538,6537,6536,6535,6534,6533,6532,6531,6530,6529,6528,6527,6526,6525,6524,6523,6522,6521,6520,6519,6518,6517,6516,6515,6514,6513,6512,6511,6510,6509,6508,6507,6506,6505,6504,6503,6502,6501,6500,6499,6498,6497,6496,6495,6494,6493,6492,6491,6490,6489,6488,6487,6486,6485,6484,6483,6482,6481,6480,6479,6478,6477,6476,6475,6474,6473,6472,6471,6470,6469,6468,6467,6466,6465,6464,6463,6462,6461,6460,6459,6458,6457,6456,6455,6454,6453,6452,6451,6450,6449,6448,6447,6446,6445,6444,6443,6442,6441,6440,6439,6438,6437,6436,6435,6434,6433,6432,6431,6430,6429,6428,6427,6426,6425,6424,6423,6422,6421,6420,6419,6418,6417,6416,6415,6414,6413,6412,6411,6410,6409,6408,6407,6406,6405,6404,6403,6402,6401,6400,6399,6398,6397,6396,6395,6394,6393,6392,6391,6390,6389,6388,6387,6386,6385,6384,6383,6382,6381,6380,6379,6378,6377,6376,6375,6374,6373,6372,6371,6370,6369,6368,6367,6366,6365,6364,6363,6362,6361,6360,6359,6358,6357,6356,6355,6354,6353,6352,6351,6350,6349,6348,6347,6346,6345,6344,6343,6342,6341,6340,6339,6338,6337,6336,6335,6334,6333,6332,6331,6330,6329,6328,6327,6326,6325,6324,6323,6322,6321,6320,6319,6318,6317,6316,6315,6314,6313,6312,6311,6310,6309,6308,6307,6306,6305,6304,6303,6302,6301,6300,6299,6298,6297,6296,6295,6294,6293,6292,6291,6290,6289,6288,6287,6286,6285,6284,6283,6282,6281,6280,6279,6278,6277,6276,6275,6274,6273,6272,6271,6270,6269,6268,6267,6266,6265,6264,6263,6262,6261,6260,6259,6258,6257,6256,6255,6254,6253,6252,6251,6250,6249,6248,6247,6246,6245,6244,6243,6242,6241,6240,6239,6238,6237,6236,6235,6234,6233,6232,6231,6230,6229,6228,6227,6226,6225,6224,6223,6222,6221,6220,6219,6218,6217,6216,6215,6214,6213,6212,6211,6210,6209,6208,6207,6206,6205,6204,6203,6202,6201,6200,6199,6198,6197,6196,6195,6194,6193,6192,6191,6190,6189,6188,6187,6186,6185,6184,6183,6182,6181,6180,6179,6178,6177,6176,6175,6174,6173,6172,6171,6170,6169,6168,6167,6166,6165,6164,6163,6162,6161,6160,6159,6158,6157,6156,6155,6154,6153,6152,6151,6150,6149,6148,6147,6146,6145,6144,6143,6142,6141,6140,6139,6138,6137,6136,6135,6134,6133,6132,6131,6130,6129,6128,6127,6126,6125,6124,6123,6122,6121,6120,6119,6118,6117,6116,6115,6114,6113,6112,6111,6110,6109,6108,6107,6106,6105,6104,6103,6102,6101,6100,6099,6098,6097,6096,6095,6094,6093,6092,6091,6090,6089,6088,6087,6086,6085,6084,6083,6082,6081,6080,6079,6078,6077,6076,6075,6074,6073,6072,6071,6070,6069,6068,6067,6066,6065,6064,6063,6062,6061,6060,6059,6058,6057,6056,6055,6054,6053,6052,6051,6050,6049,6048,6047,6046,6045,6044,6043,6042,6041,6040,6039,6038,6037,6036,6035,6034,6033,6032,6031,6030,6029,6028,6027,6026,6025,6024,6023,6022,6021,6020,6019,6018,6017,6016,6015,6014,6013,6012,6011,6010,6009,6008,6007,6006,6005,6004,6003,6002,6001,6000,5999,5998,5997,5996,5995,5994,5993,5992,5991,5990,5989,5988,5987,5986,5985,5984,5983,5982,5981,5980,5979,5978,5977,5976,5975,5974,5973,5972,5971,5970,5969,5968,5967,5966,5965,5964,5963,5962,5961,5960,5959,5958,5957,5956,5955,5954,5953,5952,5951,5950,5949,5948,5947,5946,5945,5944,5943,5942,5941,5940,5939,5938,5937,5936,5935,5934,5933,5932,5931,5930,5929,5928,5927,5926,5925,5924,5923,5922,5921,5920,5919,5918,5917,5916,5915,5914,5913,5912,5911,5910,5909,5908,5907,5906,5905,5904,5903,5902,5901,5900,5899,5898,5897,5896,5895,5894,5893,5892,5891,5890,5889,5888,5887,5886,5885,5884,5883,5882,5881,5880,5879,5878,5877,5876,5875,5874,5873,5872,5871,5870,5869,5868,5867,5866,5865,5864,5863,5862,5861,5860,5859,5858,5857,5856,5855,5854,5853,5852,5851,5850,5849,5848,5847,5846,5845,5844,5843,5842,5841,5840,5839,5838,5837,5836,5835,5834,5833,5832,5831,5830,5829,5828,5827,5826,5825,5824,5823,5822,5821,5820,5819,5818,5817,5816,5815,5814,5813,5812,5811,5810,5809,5808,5807,5806,5805,5804,5803,5802,5801,5800,5799,5798,5797,5796,5795,5794,5793,5792,5791,5790,5789,5788,5787,5786,5785,5784,5783,5782,5781,5780,5779,5778,5777,5776,5775,5774,5773,5772,5771,5770,5769,5768,5767,5766,5765,5764,5763,5762,5761,5760,5759,5758,5757,5756,5755,5754,5753,5752,5751,5750,5749,5748,5747,5746,5745,5744,5743,5742,5741,5740,5739,5738,5737,5736,5735,5734,5733,5732,5731,5730,5729,5728,5727,5726,5725,5724,5723,5722,5721,5720,5719,5718,5717,5716,5715,5714,5713,5712,5711,5710,5709,5708,5707,5706,5705,5704,5703,5702,5701,5700,5699,5698,5697,5696,5695,5694,5693,5692,5691,5690,5689,5688,5687,5686,5685,5684,5683,5682,5681,5680,5679,5678,5677,5676,5675,5674,5673,5672,5671,5670,5669,5668,5667,5666,5665,5664,5663,5662,5661,5660,5659,5658,5657,5656,5655,5654,5653,5652,5651,5650,5649,5648,5647,5646,5645,5644,5643,5642,5641,5640,5639,5638,5637,5636,5635,5634,5633,5632,5631,5630,5629,5628,5627,5626,5625,5624,5623,5622,5621,5620,5619,5618,5617,5616,5615,5614,5613,5612,5611,5610,5609,5608,5607,5606,5605,5604,5603,5602,5601,5600,5599,5598,5597,5596,5595,5594,5593,5592,5591,5590,5589,5588,5587,5586,5585,5584,5583,5582,5581,5580,5579,5578,5577,5576,5575,5574,5573,5572,5571,5570,5569,5568,5567,5566,5565,5564,5563,5562,5561,5560,5559,5558,5557,5556,5555,5554,5553,5552,5551,5550,5549,5548,5547,5546,5545,5544,5543,5542,5541,5540,5539,5538,5537,5536,5535,5534,5533,5532,5531,5530,5529,5528,5527,5526,5525,5524,5523,5522,5521,5520,5519,5518,5517,5516,5515,5514,5513,5512,5511,5510,5509,5508,5507,5506,5505,5504,5503,5502,5501,5500,5499,5498,5497,5496,5495,5494,5493,5492,5491,5490,5489,5488,5487,5486,5485,5484,5483,5482,5481,5480,5479,5478,5477,5476,5475,5474,5473,5472,5471,5470,5469,5468,5467,5466,5465,5464,5463,5462,5461,5460,5459,5458,5457,5456,5455,5454,5453,5452,5451,5450,5449,5448,5447,5446,5445,5444,5443,5442,5441,5440,5439,5438,5437,5436,5435,5434,5433,5432,5431,5430,5429,5428,5427,5426,5425,5424,5423,5422,5421,5420,5419,5418,5417,5416,5415,5414,5413,5412,5411,5410,5409,5408,5407,5406,5405,5404,5403,5402,5401,5400,5399,5398,5397,5396,5395,5394,5393,5392,5391,5390,5389,5388,5387,5386,5385,5384,5383,5382,5381,5380,5379,5378,5377,5376,5375,5374,5373,5372,5371,5370,5369,5368,5367,5366,5365,5364,5363,5362,5361,5360,5359,5358,5357,5356,5355,5354,5353,5352,5351,5350,5349,5348,5347,5346,5345,5344,5343,5342,5341,5340,5339,5338,5337,5336,5335,5334,5333,5332,5331,5330,5329,5328,5327,5326,5325,5324,5323,5322,5321,5320,5319,5318,5317,5316,5315,5314,5313,5312,5311,5310,5309,5308,5307,5306,5305,5304,5303,5302,5301,5300,5299,5298,5297,5296,5295,5294,5293,5292,5291,5290,5289,5288,5287,5286,5285,5284,5283,5282,5281,5280,5279,5278,5277,5276,5275,5274,5273,5272,5271,5270,5269,5268,5267,5266,5265,5264,5263,5262,5261,5260,5259,5258,5257,5256,5255,5254,5253,5252,5251,5250,5249,5248,5247,5246,5245,5244,5243,5242,5241,5240,5239,5238,5237,5236,5235,5234,5233,5232,5231,5230,5229,5228,5227,5226,5225,5224,5223,5222,5221,5220,5219,5218,5217,5216,5215,5214,5213,5212,5211,5210,5209,5208,5207,5206,5205,5204,5203,5202,5201,5200,5199,5198,5197,5196,5195,5194,5193,5192,5191,5190,5189,5188,5187,5186,5185,5184,5183,5182,5181,5180,5179,5178,5177,5176,5175,5174,5173,5172,5171,5170,5169,5168,5167,5166,5165,5164,5163,5162,5161,5160,5159,5158,5157,5156,5155,5154,5153,5152,5151,5150,5149,5148,5147,5146,5145,5144,5143,5142,5141,5140,5139,5138,5137,5136,5135,5134,5133,5132,5131,5130,5129,5128,5127,5126,5125,5124,5123,5122,5121,5120,5119,5118,5117,5116,5115,5114,5113,5112,5111,5110,5109,5108,5107,5106,5105,5104,5103,5102,5101,5100,5099,5098,5097,5096,5095,5094,5093,5092,5091,5090,5089,5088,5087,5086,5085,5084,5083,5082,5081,5080,5079,5078,5077,5076,5075,5074,5073,5072,5071,5070,5069,5068,5067,5066,5065,5064,5063,5062,5061,5060,5059,5058,5057,5056,5055,5054,5053,5052,5051,5050,5049,5048,5047,5046,5045,5044,5043,5042,5041,5040,5039,5038,5037,5036,5035,5034,5033,5032,5031,5030,5029,5028,5027,5026,5025,5024,5023,5022,5021,5020,5019,5018,5017,5016,5015,5014,5013,5012,5011,5010,5009,5008,5007,5006,5005,5004,5003,5002,5001,5000,4999,4998,4997,4996,4995,4994,4993,4992,4991,4990,4989,4988,4987,4986,4985,4984,4983,4982,4981,4980,4979,4978,4977,4976,4975,4974,4973,4972,4971,4970,4969,4968,4967,4966,4965,4964,4963,4962,4961,4960,4959,4958,4957,4956,4955,4954,4953,4952,4951,4950,4949,4948,4947,4946,4945,4944,4943,4942,4941,4940,4939,4938,4937,4936,4935,4934,4933,4932,4931,4930,4929,4928,4927,4926,4925,4924,4923,4922,4921,4920,4919,4918,4917,4916,4915,4914,4913,4912,4911,4910,4909,4908,4907,4906,4905,4904,4903,4902,4901,4900,4899,4898,4897,4896,4895,4894,4893,4892,4891,4890,4889,4888,4887,4886,4885,4884,4883,4882,4881,4880,4879,4878,4877,4876,4875,4874,4873,4872,4871,4870,4869,4868,4867,4866,4865,4864,4863,4862,4861,4860,4859,4858,4857,4856,4855,4854,4853,4852,4851,4850,4849,4848,4847,4846,4845,4844,4843,4842,4841,4840,4839,4838,4837,4836,4835,4834,4833,4832,4831,4830,4829,4828,4827,4826,4825,4824,4823,4822,4821,4820,4819,4818,4817,4816,4815,4814,4813,4812,4811,4810,4809,4808,4807,4806,4805,4804,4803,4802,4801,4800,4799,4798,4797,4796,4795,4794,4793,4792,4791,4790,4789,4788,4787,4786,4785,4784,4783,4782,4781,4780,4779,4778,4777,4776,4775,4774,4773,4772,4771,4770,4769,4768,4767,4766,4765,4764,4763,4762,4761,4760,4759,4758,4757,4756,4755,4754,4753,4752,4751,4750,4749,4748,4747,4746,4745,4744,4743,4742,4741,4740,4739,4738,4737,4736,4735,4734,4733,4732,4731,4730,4729,4728,4727,4726,4725,4724,4723,4722,4721,4720,4719,4718,4717,4716,4715,4714,4713,4712,4711,4710,4709,4708,4707,4706,4705,4704,4703,4702,4701,4700,4699,4698,4697,4696,4695,4694,4693,4692,4691,4690,4689,4688,4687,4686,4685,4684,4683,4682,4681,4680,4679,4678,4677,4676,4675,4674,4673,4672,4671,4670,4669,4668,4667,4666,4665,4664,4663,4662,4661,4660,4659,4658,4657,4656,4655,4654,4653,4652,4651,4650,4649,4648,4647,4646,4645,4644,4643,4642,4641,4640,4639,4638,4637,4636,4635,4634,4633,4632,4631,4630,4629,4628,4627,4626,4625,4624,4623,4622,4621,4620,4619,4618,4617,4616,4615,4614,4613,4612,4611,4610,4609,4608,4607,4606,4605,4604,4603,4602,4601,4600,4599,4598,4597,4596,4595,4594,4593,4592,4591,4590,4589,4588,4587,4586,4585,4584,4583,4582,4581,4580,4579,4578,4577,4576,4575,4574,4573,4572,4571,4570,4569,4568,4567,4566,4565,4564,4563,4562,4561,4560,4559,4558,4557,4556,4555,4554,4553,4552,4551,4550,4549,4548,4547,4546,4545,4544,4543,4542,4541,4540,4539,4538,4537,4536,4535,4534,4533,4532,4531,4530,4529,4528,4527,4526,4525,4524,4523,4522,4521,4520,4519,4518,4517,4516,4515,4514,4513,4512,4511,4510,4509,4508,4507,4506,4505,4504,4503,4502,4501,4500,4499,4498,4497,4496,4495,4494,4493,4492,4491,4490,4489,4488,4487,4486,4485,4484,4483,4482,4481,4480,4479,4478,4477,4476,4475,4474,4473,4472,4471,4470,4469,4468,4467,4466,4465,4464,4463,4462,4461,4460,4459,4458,4457,4456,4455,4454,4453,4452,4451,4450,4449,4448,4447,4446,4445,4444,4443,4442,4441,4440,4439,4438,4437,4436,4435,4434,4433,4432,4431,4430,4429,4428,4427,4426,4425,4424,4423,4422,4421,4420,4419,4418,4417,4416,4415,4414,4413,4412,4411,4410,4409,4408,4407,4406,4405,4404,4403,4402,4401,4400,4399,4398,4397,4396,4395,4394,4393,4392,4391,4390,4389,4388,4387,4386,4385,4384,4383,4382,4381,4380,4379,4378,4377,4376,4375,4374,4373,4372,4371,4370,4369,4368,4367,4366,4365,4364,4363,4362,4361,4360,4359,4358,4357,4356,4355,4354,4353,4352,4351,4350,4349,4348,4347,4346,4345,4344,4343,4342,4341,4340,4339,4338,4337,4336,4335,4334,4333,4332,4331,4330,4329,4328,4327,4326,4325,4324,4323,4322,4321,4320,4319,4318,4317,4316,4315,4314,4313,4312,4311,4310,4309,4308,4307,4306,4305,4304,4303,4302,4301,4300,4299,4298,4297,4296,4295,4294,4293,4292,4291,4290,4289,4288,4287,4286,4285,4284,4283,4282,4281,4280,4279,4278,4277,4276,4275,4274,4273,4272,4271,4270,4269,4268,4267,4266,4265,4264,4263,4262,4261,4260,4259,4258,4257,4256,4255,4254,4253,4252,4251,4250,4249,4248,4247,4246,4245,4244,4243,4242,4241,4240,4239,4238,4237,4236,4235,4234,4233,4232,4231,4230,4229,4228,4227,4226,4225,4224,4223,4222,4221,4220,4219,4218,4217,4216,4215,4214,4213,4212,4211,4210,4209,4208,4207,4206,4205,4204,4203,4202,4201,4200,4199,4198,4197,4196,4195,4194,4193,4192,4191,4190,4189,4188,4187,4186,4185,4184,4183,4182,4181,4180,4179,4178,4177,4176,4175,4174,4173,4172,4171,4170,4169,4168,4167,4166,4165,4164,4163,4162,4161,4160,4159,4158,4157,4156,4155,4154,4153,4152,4151,4150,4149,4148,4147,4146,4145,4144,4143,4142,4141,4140,4139,4138,4137,4136,4135,4134,4133,4132,4131,4130,4129,4128,4127,4126,4125,4124,4123,4122,4121,4120,4119,4118,4117,4116,4115,4114,4113,4112,4111,4110,4109,4108,4107,4106,4105,4104,4103,4102,4101,4100,4099,4098,4097,4096,4095,4094,4093,4092,4091,4090,4089,4088,4087,4086,4085,4084,4083,4082,4081,4080,4079,4078,4077,4076,4075,4074,4073,4072,4071,4070,4069,4068,4067,4066,4065,4064,4063,4062,4061,4060,4059,4058,4057,4056,4055,4054,4053,4052,4051,4050,4049,4048,4047,4046,4045,4044,4043,4042,4041,4040,4039,4038,4037,4036,4035,4034,4033,4032,4031,4030,4029,4028,4027,4026,4025,4024,4023,4022,4021,4020,4019,4018,4017,4016,4015,4014,4013,4012,4011,4010,4009,4008,4007,4006,4005,4004,4003,4002,4001,4000,3999,3998,3997,3996,3995,3994,3993,3992,3991,3990,3989,3988,3987,3986,3985,3984,3983,3982,3981,3980,3979,3978,3977,3976,3975,3974,3973,3972,3971,3970,3969,3968,3967,3966,3965,3964,3963,3962,3961,3960,3959,3958,3957,3956,3955,3954,3953,3952,3951,3950,3949,3948,3947,3946,3945,3944,3943,3942,3941,3940,3939,3938,3937,3936,3935,3934,3933,3932,3931,3930,3929,3928,3927,3926,3925,3924,3923,3922,3921,3920,3919,3918,3917,3916,3915,3914,3913,3912,3911,3910,3909,3908,3907,3906,3905,3904,3903,3902,3901,3900,3899,3898,3897,3896,3895,3894,3893,3892,3891,3890,3889,3888,3887,3886,3885,3884,3883,3882,3881,3880,3879,3878,3877,3876,3875,3874,3873,3872,3871,3870,3869,3868,3867,3866,3865,3864,3863,3862,3861,3860,3859,3858,3857,3856,3855,3854,3853,3852,3851,3850,3849,3848,3847,3846,3845,3844,3843,3842,3841,3840,3839,3838,3837,3836,3835,3834,3833,3832,3831,3830,3829,3828,3827,3826,3825,3824,3823,3822,3821,3820,3819,3818,3817,3816,3815,3814,3813,3812,3811,3810,3809,3808,3807,3806,3805,3804,3803,3802,3801,3800,3799,3798,3797,3796,3795,3794,3793,3792,3791,3790,3789,3788,3787,3786,3785,3784,3783,3782,3781,3780,3779,3778,3777,3776,3775,3774,3773,3772,3771,3770,3769,3768,3767,3766,3765,3764,3763,3762,3761,3760,3759,3758,3757,3756,3755,3754,3753,3752,3751,3750,3749,3748,3747,3746,3745,3744,3743,3742,3741,3740,3739,3738,3737,3736,3735,3734,3733,3732,3731,3730,3729,3728,3727,3726,3725,3724,3723,3722,3721,3720,3719,3718,3717,3716,3715,3714,3713,3712,3711,3710,3709,3708,3707,3706,3705,3704,3703,3702,3701,3700,3699,3698,3697,3696,3695,3694,3693,3692,3691,3690,3689,3688,3687,3686,3685,3684,3683,3682,3681,3680,3679,3678,3677,3676,3675,3674,3673,3672,3671,3670,3669,3668,3667,3666,3665,3664,3663,3662,3661,3660,3659,3658,3657,3656,3655,3654,3653,3652,3651,3650,3649,3648,3647,3646,3645,3644,3643,3642,3641,3640,3639,3638,3637,3636,3635,3634,3633,3632,3631,3630,3629,3628,3627,3626,3625,3624,3623,3622,3621,3620,3619,3618,3617,3616,3615,3614,3613,3612,3611,3610,3609,3608,3607,3606,3605,3604,3603,3602,3601,3600,3599,3598,3597,3596,3595,3594,3593,3592,3591,3590,3589,3588,3587,3586,3585,3584,3583,3582,3581,3580,3579,3578,3577,3576,3575,3574,3573,3572,3571,3570,3569,3568,3567,3566,3565,3564,3563,3562,3561,3560,3559,3558,3557,3556,3555,3554,3553,3552,3551,3550,3549,3548,3547,3546,3545,3544,3543,3542,3541,3540,3539,3538,3537,3536,3535,3534,3533,3532,3531,3530,3529,3528,3527,3526,3525,3524,3523,3522,3521,3520,3519,3518,3517,3516,3515,3514,3513,3512,3511,3510,3509,3508,3507,3506,3505,3504,3503,3502,3501,3500,3499,3498,3497,3496,3495,3494,3493,3492,3491,3490,3489,3488,3487,3486,3485,3484,3483,3482,3481,3480,3479,3478,3477,3476,3475,3474,3473,3472,3471,3470,3469,3468,3467,3466,3465,3464,3463,3462,3461,3460,3459,3458,3457,3456,3455,3454,3453,3452,3451,3450,3449,3448,3447,3446,3445,3444,3443,3442,3441,3440,3439,3438,3437,3436,3435,3434,3433,3432,3431,3430,3429,3428,3427,3426,3425,3424,3423,3422,3421,3420,3419,3418,3417,3416,3415,3414,3413,3412,3411,3410,3409,3408,3407,3406,3405,3404,3403,3402,3401,3400,3399,3398,3397,3396,3395,3394,3393,3392,3391,3390,3389,3388,3387,3386,3385,3384,3383,3382,3381,3380,3379,3378,3377,3376,3375,3374,3373,3372,3371,3370,3369,3368,3367,3366,3365,3364,3363,3362,3361,3360,3359,3358,3357,3356,3355,3354,3353,3352,3351,3350,3349,3348,3347,3346,3345,3344,3343,3342,3341,3340,3339,3338,3337,3336,3335,3334,3333,3332,3331,3330,3329,3328,3327,3326,3325,3324,3323,3322,3321,3320,3319,3318,3317,3316,3315,3314,3313,3312,3311,3310,3309,3308,3307,3306,3305,3304,3303,3302,3301,3300,3299,3298,3297,3296,3295,3294,3293,3292,3291,3290,3289,3288,3287,3286,3285,3284,3283,3282,3281,3280,3279,3278,3277,3276,3275,3274,3273,3272,3271,3270,3269,3268,3267,3266,3265,3264,3263,3262,3261,3260,3259,3258,3257,3256,3255,3254,3253,3252,3251,3250,3249,3248,3247,3246,3245,3244,3243,3242,3241,3240,3239,3238,3237,3236,3235,3234,3233,3232,3231,3230,3229,3228,3227,3226,3225,3224,3223,3222,3221,3220,3219,3218,3217,3216,3215,3214,3213,3212,3211,3210,3209,3208,3207,3206,3205,3204,3203,3202,3201,3200,3199,3198,3197,3196,3195,3194,3193,3192,3191,3190,3189,3188,3187,3186,3185,3184,3183,3182,3181,3180,3179,3178,3177,3176,3175,3174,3173,3172,3171,3170,3169,3168,3167,3166,3165,3164,3163,3162,3161,3160,3159,3158,3157,3156,3155,3154,3153,3152,3151,3150,3149,3148,3147,3146,3145,3144,3143,3142,3141,3140,3139,3138,3137,3136,3135,3134,3133,3132,3131,3130,3129,3128,3127,3126,3125,3124,3123,3122,3121,3120,3119,3118,3117,3116,3115,3114,3113,3112,3111,3110,3109,3108,3107,3106,3105,3104,3103,3102,3101,3100,3099,3098,3097,3096,3095,3094,3093,3092,3091,3090,3089,3088,3087,3086,3085,3084,3083,3082,3081,3080,3079,3078,3077,3076,3075,3074,3073,3072,3071,3070,3069,3068,3067,3066,3065,3064,3063,3062,3061,3060,3059,3058,3057,3056,3055,3054,3053,3052,3051,3050,3049,3048,3047,3046,3045,3044,3043,3042,3041,3040,3039,3038,3037,3036,3035,3034,3033,3032,3031,3030,3029,3028,3027,3026,3025,3024,3023,3022,3021,3020,3019,3018,3017,3016,3015,3014,3013,3012,3011,3010,3009,3008,3007,3006,3005,3004,3003,3002,3001,3000,2999,2998,2997,2996,2995,2994,2993,2992,2991,2990,2989,2988,2987,2986,2985,2984,2983,2982,2981,2980,2979,2978,2977,2976,2975,2974,2973,2972,2971,2970,2969,2968,2967,2966,2965,2964,2963,2962,2961,2960,2959,2958,2957,2956,2955,2954,2953,2952,2951,2950,2949,2948,2947,2946,2945,2944,2943,2942,2941,2940,2939,2938,2937,2936,2935,2934,2933,2932,2931,2930,2929,2928,2927,2926,2925,2924,2923,2922,2921,2920,2919,2918,2917,2916,2915,2914,2913,2912,2911,2910,2909,2908,2907,2906,2905,2904,2903,2902,2901,2900,2899,2898,2897,2896,2895,2894,2893,2892,2891,2890,2889,2888,2887,2886,2885,2884,2883,2882,2881,2880,2879,2878,2877,2876,2875,2874,2873,2872,2871,2870,2869,2868,2867,2866,2865,2864,2863,2862,2861,2860,2859,2858,2857,2856,2855,2854,2853,2852,2851,2850,2849,2848,2847,2846,2845,2844,2843,2842,2841,2840,2839,2838,2837,2836,2835,2834,2833,2832,2831,2830,2829,2828,2827,2826,2825,2824,2823,2822,2821,2820,2819,2818,2817,2816,2815,2814,2813,2812,2811,2810,2809,2808,2807,2806,2805,2804,2803,2802,2801,2800,2799,2798,2797,2796,2795,2794,2793,2792,2791,2790,2789,2788,2787,2786,2785,2784,2783,2782,2781,2780,2779,2778,2777,2776,2775,2774,2773,2772,2771,2770,2769,2768,2767,2766,2765,2764,2763,2762,2761,2760,2759,2758,2757,2756,2755,2754,2753,2752,2751,2750,2749,2748,2747,2746,2745,2744,2743,2742,2741,2740,2739,2738,2737,2736,2735,2734,2733,2732,2731,2730,2729,2728,2727,2726,2725,2724,2723,2722,2721,2720,2719,2718,2717,2716,2715,2714,2713,2712,2711,2710,2709,2708,2707,2706,2705,2704,2703,2702,2701,2700,2699,2698,2697,2696,2695,2694,2693,2692,2691,2690,2689,2688,2687,2686,2685,2684,2683,2682,2681,2680,2679,2678,2677,2676,2675,2674,2673,2672,2671,2670,2669,2668,2667,2666,2665,2664,2663,2662,2661,2660,2659,2658,2657,2656,2655,2654,2653,2652,2651,2650,2649,2648,2647,2646,2645,2644,2643,2642,2641,2640,2639,2638,2637,2636,2635,2634,2633,2632,2631,2630,2629,2628,2627,2626,2625,2624,2623,2622,2621,2620,2619,2618,2617,2616,2615,2614,2613,2612,2611,2610,2609,2608,2607,2606,2605,2604,2603,2602,2601,2600,2599,2598,2597,2596,2595,2594,2593,2592,2591,2590,2589,2588,2587,2586,2585,2584,2583,2582,2581,2580,2579,2578,2577,2576,2575,2574,2573,2572,2571,2570,2569,2568,2567,2566,2565,2564,2563,2562,2561,2560,2559,2558,2557,2556,2555,2554,2553,2552,2551,2550,2549,2548,2547,2546,2545,2544,2543,2542,2541,2540,2539,2538,2537,2536,2535,2534,2533,2532,2531,2530,2529,2528,2527,2526,2525,2524,2523,2522,2521,2520,2519,2518,2517,2516,2515,2514,2513,2512,2511,2510,2509,2508,2507,2506,2505,2504,2503,2502,2501,2500,2499,2498,2497,2496,2495,2494,2493,2492,2491,2490,2489,2488,2487,2486,2485,2484,2483,2482,2481,2480,2479,2478,2477,2476,2475,2474,2473,2472,2471,2470,2469,2468,2467,2466,2465,2464,2463,2462,2461,2460,2459,2458,2457,2456,2455,2454,2453,2452,2451,2450,2449,2448,2447,2446,2445,2444,2443,2442,2441,2440,2439,2438,2437,2436,2435,2434,2433,2432,2431,2430,2429,2428,2427,2426,2425,2424,2423,2422,2421,2420,2419,2418,2417,2416,2415,2414,2413,2412,2411,2410,2409,2408,2407,2406,2405,2404,2403,2402,2401,2400,2399,2398,2397,2396,2395,2394,2393,2392,2391,2390,2389,2388,2387,2386,2385,2384,2383,2382,2381,2380,2379,2378,2377,2376,2375,2374,2373,2372,2371,2370,2369,2368,2367,2366,2365,2364,2363,2362,2361,2360,2359,2358,2357,2356,2355,2354,2353,2352,2351,2350,2349,2348,2347,2346,2345,2344,2343,2342,2341,2340,2339,2338,2337,2336,2335,2334,2333,2332,2331,2330,2329,2328,2327,2326,2325,2324,2323,2322,2321,2320,2319,2318,2317,2316,2315,2314,2313,2312,2311,2310,2309,2308,2307,2306,2305,2304,2303,2302,2301,2300,2299,2298,2297,2296,2295,2294,2293,2292,2291,2290,2289,2288,2287,2286,2285,2284,2283,2282,2281,2280,2279,2278,2277,2276,2275,2274,2273,2272,2271,2270,2269,2268,2267,2266,2265,2264,2263,2262,2261,2260,2259,2258,2257,2256,2255,2254,2253,2252,2251,2250,2249,2248,2247,2246,2245,2244,2243,2242,2241,2240,2239,2238,2237,2236,2235,2234,2233,2232,2231,2230,2229,2228,2227,2226,2225,2224,2223,2222,2221,2220,2219,2218,2217,2216,2215,2214,2213,2212,2211,2210,2209,2208,2207,2206,2205,2204,2203,2202,2201,2200,2199,2198,2197,2196,2195,2194,2193,2192,2191,2190,2189,2188,2187,2186,2185,2184,2183,2182,2181,2180,2179,2178,2177,2176,2175,2174,2173,2172,2171,2170,2169,2168,2167,2166,2165,2164,2163,2162,2161,2160,2159,2158,2157,2156,2155,2154,2153,2152,2151,2150,2149,2148,2147,2146,2145,2144,2143,2142,2141,2140,2139,2138,2137,2136,2135,2134,2133,2132,2131,2130,2129,2128,2127,2126,2125,2124,2123,2122,2121,2120,2119,2118,2117,2116,2115,2114,2113,2112,2111,2110,2109,2108,2107,2106,2105,2104,2103,2102,2101,2100,2099,2098,2097,2096,2095,2094,2093,2092,2091,2090,2089,2088,2087,2086,2085,2084,2083,2082,2081,2080,2079,2078,2077,2076,2075,2074,2073,2072,2071,2070,2069,2068,2067,2066,2065,2064,2063,2062,2061,2060,2059,2058,2057,2056,2055,2054,2053,2052,2051,2050,2049,2048,2047,2046,2045,2044,2043,2042,2041,2040,2039,2038,2037,2036,2035,2034,2033,2032,2031,2030,2029,2028,2027,2026,2025,2024,2023,2022,2021,2020,2019,2018,2017,2016,2015,2014,2013,2012,2011,2010,2009,2008,2007,2006,2005,2004,2003,2002,2001,2000,1999,1998,1997,1996,1995,1994,1993,1992,1991,1990,1989,1988,1987,1986,1985,1984,1983,1982,1981,1980,1979,1978,1977,1976,1975,1974,1973,1972,1971,1970,1969,1968,1967,1966,1965,1964,1963,1962,1961,1960,1959,1958,1957,1956,1955,1954,1953,1952,1951,1950,1949,1948,1947,1946,1945,1944,1943,1942,1941,1940,1939,1938,1937,1936,1935,1934,1933,1932,1931,1930,1929,1928,1927,1926,1925,1924,1923,1922,1921,1920,1919,1918,1917,1916,1915,1914,1913,1912,1911,1910,1909,1908,1907,1906,1905,1904,1903,1902,1901,1900,1899,1898,1897,1896,1895,1894,1893,1892,1891,1890,1889,1888,1887,1886,1885,1884,1883,1882,1881,1880,1879,1878,1877,1876,1875,1874,1873,1872,1871,1870,1869,1868,1867,1866,1865,1864,1863,1862,1861,1860,1859,1858,1857,1856,1855,1854,1853,1852,1851,1850,1849,1848,1847,1846,1845,1844,1843,1842,1841,1840,1839,1838,1837,1836,1835,1834,1833,1832,1831,1830,1829,1828,1827,1826,1825,1824,1823,1822,1821,1820,1819,1818,1817,1816,1815,1814,1813,1812,1811,1810,1809,1808,1807,1806,1805,1804,1803,1802,1801,1800,1799,1798,1797,1796,1795,1794,1793,1792,1791,1790,1789,1788,1787,1786,1785,1784,1783,1782,1781,1780,1779,1778,1777,1776,1775,1774,1773,1772,1771,1770,1769,1768,1767,1766,1765,1764,1763,1762,1761,1760,1759,1758,1757,1756,1755,1754,1753,1752,1751,1750,1749,1748,1747,1746,1745,1744,1743,1742,1741,1740,1739,1738,1737,1736,1735,1734,1733,1732,1731,1730,1729,1728,1727,1726,1725,1724,1723,1722,1721,1720,1719,1718,1717,1716,1715,1714,1713,1712,1711,1710,1709,1708,1707,1706,1705,1704,1703,1702,1701,1700,1699,1698,1697,1696,1695,1694,1693,1692,1691,1690,1689,1688,1687,1686,1685,1684,1683,1682,1681,1680,1679,1678,1677,1676,1675,1674,1673,1672,1671,1670,1669,1668,1667,1666,1665,1664,1663,1662,1661,1660,1659,1658,1657,1656,1655,1654,1653,1652,1651,1650,1649,1648,1647,1646,1645,1644,1643,1642,1641,1640,1639,1638,1637,1636,1635,1634,1633,1632,1631,1630,1629,1628,1627,1626,1625,1624,1623,1622,1621,1620,1619,1618,1617,1616,1615,1614,1613,1612,1611,1610,1609,1608,1607,1606,1605,1604,1603,1602,1601,1600,1599,1598,1597,1596,1595,1594,1593,1592,1591,1590,1589,1588,1587,1586,1585,1584,1583,1582,1581,1580,1579,1578,1577,1576,1575,1574,1573,1572,1571,1570,1569,1568,1567,1566,1565,1564,1563,1562,1561,1560,1559,1558,1557,1556,1555,1554,1553,1552,1551,1550,1549,1548,1547,1546,1545,1544,1543,1542,1541,1540,1539,1538,1537,1536,1535,1534,1533,1532,1531,1530,1529,1528,1527,1526,1525,1524,1523,1522,1521,1520,1519,1518,1517,1516,1515,1514,1513,1512,1511,1510,1509,1508,1507,1506,1505,1504,1503,1502,1501,1500,1499,1498,1497,1496,1495,1494,1493,1492,1491,1490,1489,1488,1487,1486,1485,1484,1483,1482,1481,1480,1479,1478,1477,1476,1475,1474,1473,1472,1471,1470,1469,1468,1467,1466,1465,1464,1463,1462,1461,1460,1459,1458,1457,1456,1455,1454,1453,1452,1451,1450,1449,1448,1447,1446,1445,1444,1443,1442,1441,1440,1439,1438,1437,1436,1435,1434,1433,1432,1431,1430,1429,1428,1427,1426,1425,1424,1423,1422,1421,1420,1419,1418,1417,1416,1415,1414,1413,1412,1411,1410,1409,1408,1407,1406,1405,1404,1403,1402,1401,1400,1399,1398,1397,1396,1395,1394,1393,1392,1391,1390,1389,1388,1387,1386,1385,1384,1383,1382,1381,1380,1379,1378,1377,1376,1375,1374,1373,1372,1371,1370,1369,1368,1367,1366,1365,1364,1363,1362,1361,1360,1359,1358,1357,1356,1355,1354,1353,1352,1351,1350,1349,1348,1347,1346,1345,1344,1343,1342,1341,1340,1339,1338,1337,1336,1335,1334,1333,1332,1331,1330,1329,1328,1327,1326,1325,1324,1323,1322,1321,1320,1319,1318,1317,1316,1315,1314,1313,1312,1311,1310,1309,1308,1307,1306,1305,1304,1303,1302,1301,1300,1299,1298,1297,1296,1295,1294,1293,1292,1291,1290,1289,1288,1287,1286,1285,1284,1283,1282,1281,1280,1279,1278,1277,1276,1275,1274,1273,1272,1271,1270,1269,1268,1267,1266,1265,1264,1263,1262,1261,1260,1259,1258,1257,1256,1255,1254,1253,1252,1251,1250,1249,1248,1247,1246,1245,1244,1243,1242,1241,1240,1239,1238,1237,1236,1235,1234,1233,1232,1231,1230,1229,1228,1227,1226,1225,1224,1223,1222,1221,1220,1219,1218,1217,1216,1215,1214,1213,1212,1211,1210,1209,1208,1207,1206,1205,1204,1203,1202,1201,1200,1199,1198,1197,1196,1195,1194,1193,1192,1191,1190,1189,1188,1187,1186,1185,1184,1183,1182,1181,1180,1179,1178,1177,1176,1175,1174,1173,1172,1171,1170,1169,1168,1167,1166,1165,1164,1163,1162,1161,1160,1159,1158,1157,1156,1155,1154,1153,1152,1151,1150,1149,1148,1147,1146,1145,1144,1143,1142,1141,1140,1139,1138,1137,1136,1135,1134,1133,1132,1131,1130,1129,1128,1127,1126,1125,1124,1123,1122,1121,1120,1119,1118,1117,1116,1115,1114,1113,1112,1111,1110,1109,1108,1107,1106,1105,1104,1103,1102,1101,1100,1099,1098,1097,1096,1095,1094,1093,1092,1091,1090,1089,1088,1087,1086,1085,1084,1083,1082,1081,1080,1079,1078,1077,1076,1075,1074,1073,1072,1071,1070,1069,1068,1067,1066,1065,1064,1063,1062,1061,1060,1059,1058,1057,1056,1055,1054,1053,1052,1051,1050,1049,1048,1047,1046,1045,1044,1043,1042,1041,1040,1039,1038,1037,1036,1035,1034,1033,1032,1031,1030,1029,1028,1027,1026,1025,1024,1023,1022,1021,1020,1019,1018,1017,1016,1015,1014,1013,1012,1011,1010,1009,1008,1007,1006,1005,1004,1003,1002,1001,1000,999,998,997,996,995,994,993,992,991,990,989,988,987,986,985,984,983,982,981,980,979,978,977,976,975,974,973,972,971,970,969,968,967,966,965,964,963,962,961,960,959,958,957,956,955,954,953,952,951,950,949,948,947,946,945,944,943,942,941,940,939,938,937,936,935,934,933,932,931,930,929,928,927,926,925,924,923,922,921,920,919,918,917,916,915,914,913,912,911,910,909,908,907,906,905,904,903,902,901,900,899,898,897,896,895,894,893,892,891,890,889,888,887,886,885,884,883,882,881,880,879,878,877,876,875,874,873,872,871,870,869,868,867,866,865,864,863,862,861,860,859,858,857,856,855,854,853,852,851,850,849,848,847,846,845,844,843,842,841,840,839,838,837,836,835,834,833,832,831,830,829,828,827,826,825,824,823,822,821,820,819,818,817,816,815,814,813,812,811,810,809,808,807,806,805,804,803,802,801,800,799,798,797,796,795,794,793,792,791,790,789,788,787,786,785,784,783,782,781,780,779,778,777,776,775,774,773,772,771,770,769,768,767,766,765,764,763,762,761,760,759,758,757,756,755,754,753,752,751,750,749,748,747,746,745,744,743,742,741,740,739,738,737,736,735,734,733,732,731,730,729,728,727,726,725,724,723,722,721,720,719,718,717,716,715,714,713,712,711,710,709,708,707,706,705,704,703,702,701,700,699,698,697,696,695,694,693,692,691,690,689,688,687,686,685,684,683,682,681,680,679,678,677,676,675,674,673,672,671,670,669,668,667,666,665,664,663,662,661,660,659,658,657,656,655,654,653,652,651,650,649,648,647,646,645,644,643,642,641,640,639,638,637,636,635,634,633,632,631,630,629,628,627,626,625,624,623,622,621,620,619,618,617,616,615,614,613,612,611,610,609,608,607,606,605,604,603,602,601,600,599,598,597,596,595,594,593,592,591,590,589,588,587,586,585,584,583,582,581,580,579,578,577,576,575,574,573,572,571,570,569,568,567,566,565,564,563,562,561,560,559,558,557,556,555,554,553,552,551,550,549,548,547,546,545,544,543,542,541,540,539,538,537,536,535,534,533,532,531,530,529,528,527,526,525,524,523,522,521,520,519,518,517,516,515,514,513,512,511,510,509,508,507,506,505,504,503,502,501,500,499,498,497,496,495,494,493,492,491,490,489,488,487,486,485,484,483,482,481,480,479,478,477,476,475,474,473,472,471,470,469,468,467,466,465,464,463,462,461,460,459,458,457,456,455,454,453,452,451,450,449,448,447,446,445,444,443,442,441,440,439,438,437,436,435,434,433,432,431,430,429,428,427,426,425,424,423,422,421,420,419,418,417,416,415,414,413,412,411,410,409,408,407,406,405,404,403,402,401,400,399,398,397,396,395,394,393,392,391,390,389,388,387,386,385,384,383,382,381,380,379,378,377,376,375,374,373,372,371,370,369,368,367,366,365,364,363,362,361,360,359,358,357,356,355,354,353,352,351,350,349,348,347,346,345,344,343,342,341,340,339,338,337,336,335,334,333,332,331,330,329,328,327,326,325,324,323,322,321,320,319,318,317,316,315,314,313,312,311,310,309,308,307,306,305,304,303,302,301,300,299,298,297,296,295,294,293,292,291,290,289,288,287,286,285,284,283,282,281,280,279,278,277,276,275,274,273,272,271,270,269,268,267,266,265,264,263,262,261,260,259,258,257,256,255,254,253,252,251,250,249,248,247,246,245,244,243,242,241,240,239,238,237,236,235,234,233,232,231,230,229,228,227,226,225,224,223,222,221,220,219,218,217,216,215,214,213,212,211,210,209,208,207,206,205,204,203,202,201,200,199,198,197,196,195,194,193,192,191,190,189,188,187,186,185,184,183,182,181,180,179,178,177,176,175,174,173,172,171,170,169,168,167,166,165,164,163,162,161,160,159,158,157,156,155,154,153,152,151,150,149,148,147,146,145,144,143,142,141,140,139,138,137,136,135,134,133,132,131,130,129,128,127,126,125,124,123,122,121,120,119,118,117,116,115,114,113,112,111,110,109,108,107,106,105,104,103,102,101,100,99,98,97,96,95,94,93,92,91,90,89,88,87,86,85,84,83,82,81,80,79,78,77,76,75,74,73,72,71,70,69,68,67,66,65,64,63,62,61,60,59,58,57,56,55,54,53,52,51,50,49,48,47,46,45,44,43,42,41,40,39,38,37,36,35,34,33,32,31,30,29,28,27,26,25,24,23,22,21,20,19,18,17,16,15,14,13,12,11,10,9,8,7,6,5,4,3,2,1,0,-1,-2,-3,-4,-5,-6,-7,-8,-9,-10,-11,-12,-13,-14,-15,-16,-17,-18,-19,-20,-21,-22,-23,-24,-25,-26,-27,-28,-29,-30,-31,-32,-33,-34,-35,-36,-37,-38,-39,-40,-41,-42,-43,-44,-45,-46,-47,-48,-49,-50,-51,-52,-53,-54,-55,-56,-57,-58,-59,-60,-61,-62,-63,-64,-65,-66,-67,-68,-69,-70,-71,-72,-73,-74,-75,-76,-77,-78,-79,-80,-81,-82,-83,-84,-85,-86,-87,-88,-89,-90,-91,-92,-93,-94,-95,-96,-97,-98,-99,-100,-101,-102,-103,-104,-105,-106,-107,-108,-109,-110,-111,-112,-113,-114,-115,-116,-117,-118,-119,-120,-121,-122,-123,-124,-125,-126,-127,-128,-129,-130,-131,-132,-133,-134,-135,-136,-137,-138,-139,-140,-141,-142,-143,-144,-145,-146,-147,-148,-149,-150,-151,-152,-153,-154,-155,-156,-157,-158,-159,-160,-161,-162,-163,-164,-165,-166,-167,-168,-169,-170,-171,-172,-173,-174,-175,-176,-177,-178,-179,-180,-181,-182,-183,-184,-185,-186,-187,-188,-189,-190,-191,-192,-193,-194,-195,-196,-197,-198,-199,-200,-201,-202,-203,-204,-205,-206,-207,-208,-209,-210,-211,-212,-213,-214,-215,-216,-217,-218,-219,-220,-221,-222,-223,-224,-225,-226,-227,-228,-229,-230,-231,-232,-233,-234,-235,-236,-237,-238,-239,-240,-241,-242,-243,-244,-245,-246,-247,-248,-249,-250,-251,-252,-253,-254,-255,-256,-257,-258,-259,-260,-261,-262,-263,-264,-265,-266,-267,-268,-269,-270,-271,-272,-273,-274,-275,-276,-277,-278,-279,-280,-281,-282,-283,-284,-285,-286,-287,-288,-289,-290,-291,-292,-293,-294,-295,-296,-297,-298,-299,-300,-301,-302,-303,-304,-305,-306,-307,-308,-309,-310,-311,-312,-313,-314,-315,-316,-317,-318,-319,-320,-321,-322,-323,-324,-325,-326,-327,-328,-329,-330,-331,-332,-333,-334,-335,-336,-337,-338,-339,-340,-341,-342,-343,-344,-345,-346,-347,-348,-349,-350,-351,-352,-353,-354,-355,-356,-357,-358,-359,-360,-361,-362,-363,-364,-365,-366,-367,-368,-369,-370,-371,-372,-373,-374,-375,-376,-377,-378,-379,-380,-381,-382,-383,-384,-385,-386,-387,-388,-389,-390,-391,-392,-393,-394,-395,-396,-397,-398,-399,-400,-401,-402,-403,-404,-405,-406,-407,-408,-409,-410,-411,-412,-413,-414,-415,-416,-417,-418,-419,-420,-421,-422,-423,-424,-425,-426,-427,-428,-429,-430,-431,-432,-433,-434,-435,-436,-437,-438,-439,-440,-441,-442,-443,-444,-445,-446,-447,-448,-449,-450,-451,-452,-453,-454,-455,-456,-457,-458,-459,-460,-461,-462,-463,-464,-465,-466,-467,-468,-469,-470,-471,-472,-473,-474,-475,-476,-477,-478,-479,-480,-481,-482,-483,-484,-485,-486,-487,-488,-489,-490,-491,-492,-493,-494,-495,-496,-497,-498,-499,-500,-501,-502,-503,-504,-505,-506,-507,-508,-509,-510,-511,-512,-513,-514,-515,-516,-517,-518,-519,-520,-521,-522,-523,-524,-525,-526,-527,-528,-529,-530,-531,-532,-533,-534,-535,-536,-537,-538,-539,-540,-541,-542,-543,-544,-545,-546,-547,-548,-549,-550,-551,-552,-553,-554,-555,-556,-557,-558,-559,-560,-561,-562,-563,-564,-565,-566,-567,-568,-569,-570,-571,-572,-573,-574,-575,-576,-577,-578,-579,-580,-581,-582,-583,-584,-585,-586,-587,-588,-589,-590,-591,-592,-593,-594,-595,-596,-597,-598,-599,-600,-601,-602,-603,-604,-605,-606,-607,-608,-609,-610,-611,-612,-613,-614,-615,-616,-617,-618,-619,-620,-621,-622,-623,-624,-625,-626,-627,-628,-629,-630,-631,-632,-633,-634,-635,-636,-637,-638,-639,-640,-641,-642,-643,-644,-645,-646,-647,-648,-649,-650,-651,-652,-653,-654,-655,-656,-657,-658,-659,-660,-661,-662,-663,-664,-665,-666,-667,-668,-669,-670,-671,-672,-673,-674,-675,-676,-677,-678,-679,-680,-681,-682,-683,-684,-685,-686,-687,-688,-689,-690,-691,-692,-693,-694,-695,-696,-697,-698,-699,-700,-701,-702,-703,-704,-705,-706,-707,-708,-709,-710,-711,-712,-713,-714,-715,-716,-717,-718,-719,-720,-721,-722,-723,-724,-725,-726,-727,-728,-729,-730,-731,-732,-733,-734,-735,-736,-737,-738,-739,-740,-741,-742,-743,-744,-745,-746,-747,-748,-749,-750,-751,-752,-753,-754,-755,-756,-757,-758,-759,-760,-761,-762,-763,-764,-765,-766,-767,-768,-769,-770,-771,-772,-773,-774,-775,-776,-777,-778,-779,-780,-781,-782,-783,-784,-785,-786,-787,-788,-789,-790,-791,-792,-793,-794,-795,-796,-797,-798,-799,-800,-801,-802,-803,-804,-805,-806,-807,-808,-809,-810,-811,-812,-813,-814,-815,-816,-817,-818,-819,-820,-821,-822,-823,-824,-825,-826,-827,-828,-829,-830,-831,-832,-833,-834,-835,-836,-837,-838,-839,-840,-841,-842,-843,-844,-845,-846,-847,-848,-849,-850,-851,-852,-853,-854,-855,-856,-857,-858,-859,-860,-861,-862,-863,-864,-865,-866,-867,-868,-869,-870,-871,-872,-873,-874,-875,-876,-877,-878,-879,-880,-881,-882,-883,-884,-885,-886,-887,-888,-889,-890,-891,-892,-893,-894,-895,-896,-897,-898,-899,-900,-901,-902,-903,-904,-905,-906,-907,-908,-909,-910,-911,-912,-913,-914,-915,-916,-917,-918,-919,-920,-921,-922,-923,-924,-925,-926,-927,-928,-929,-930,-931,-932,-933,-934,-935,-936,-937,-938,-939,-940,-941,-942,-943,-944,-945,-946,-947,-948,-949,-950,-951,-952,-953,-954,-955,-956,-957,-958,-959,-960,-961,-962,-963,-964,-965,-966,-967,-968,-969,-970,-971,-972,-973,-974,-975,-976,-977,-978,-979,-980,-981,-982,-983,-984,-985,-986,-987,-988,-989,-990,-991,-992,-993,-994,-995,-996,-997,-998,-999]	10000
[-339,711,-497,-940,867,-703,654,-852,116,963,15,822,588,925,-501,-431,-412,191,77,-581,781,421,387,-458,-961,-886,915,-29,283,19,-967,-982,-270,-391,-923,-330,-95,803,-109,-905,839,978,916,428,903,-512,-930,-435,678,146,56,533,-359,-556,-925,-321,-443,-937,649,840,154,755,857,883,-636,933,-373,268,736,590,362,575,641,351,76,618,838,146,-817,517,-635,238,123,5,681,197,683,-688,259,406,-848,-513,234,-991,-630,597,-985,69,-62,823,-268,-626,471,-626,724,-379,991,636,839,-753,226,-796,557,-651,282,239,545,38,550,-123,-483,774,363,750,855,806,347,942,-52,-714,765,753,-341,309,-873,-544,929,-809,-908,768,-563,317,-954,993,665,400,305,283,-562,-72,-766,-45,-225,669,-295,-370,475,-874,-428,-503,-516,-590,-750,215,719,-551,670,721,-361,835,490,148,152,608,214,-109,8,-480,-753,445,520,-520,-527,-704,-850,178,-2,697,376,570,-733,859,979,-484,74,771,-36,-256,493,675,-421,-17,-177,804,-409,-962,-305,598,-370,-59,116,-777,494,589,-482,643,-160,589,413,-784,159,680,-925,211,-731,148,-17,233,964,-524,-19,-383,531,877,-579,-805,987,188,865,-383,-798,54,-88,695,-357,503,411,555,92,-175,770,-749,-422,917,534,-154,138,-483,-921,103,65,133,792,-331,10,-787,-137,-3,473,-199,686,674,855,-402,370,-429,-899,-146,-873,192,678,896,515,-744,814,50,102,25,639,253,-872,-295,-541,919,446,468,-795,-617,-462,677,183,-776,352,38,-105,-205,609,-5,648,808,-739,400,704,775,728,591,-102,-170,-383,-462,-843,-183,315,-385,-190,-239,-843,14,143,-306,-235,-600,-9,-810,510,885,-16,192,-47,-295,0,213,-895,-295,62,833,-631,-967,-264,-15,-430,-35,875,957,580,-315,-208,809,771,934,-497,-464,-666,493,-202,844,451,781,36,-595,-440,-890,690,-336,-186,-175,-430,255,-142,379,-759,427,-656,-811,458,996,-127,-750,805,-283,-816,-618,326,-409,947,-876,-492,399,978,616,803,-462,725,566,274,-388,-608,917,867,249,296,-819,-251,639,-631,-793,709,314,-544,514,-969,-287,895,356,376,843,553,956,315,531,572,191,-931,371,-243,415,-944,148,332,922,-530,-372,-824,219,-659,-383,498,-950,930,954,636,-965,-260,532,390,-884,448,16,-928,-237,-453,716,953,-312,160,-290,-896,216,931,435,211,-526,-863,460,692,-523,-923,264,-401,-992,291,-765,-958,-969,839,504,-781,287,-479,-637,-877,140,-921,-924,828,312,-141,-995,-399,-137,439,811,336,648,271,102,-802,421,-634,-204,501,656,104,542,686,-57,119,904,-769,712,-733,-647,-147,-582,-498,-246,729,360,-242,-670,-704,-730,-785,631,918,558,-267,-811,52,98,-15,-447,-246,-838,-905,-487,104,287,-510,407,72,-171,833,997,320,-665,-249,122,767,581,525,-937,851,812,766,842,370,-500,-969,-577,670,88,-25,-502,322,143,10,-573,-497,573,833,574,-525,739,572,794,-853,-604,-10,986,977,-485,-878,901,-673,888,816,769,-612,919,-735,-869,8,313,-372,-670,-471,711,-171,31,357,-264,-322,831,-525,-677,699,-305,-281,-311,-319,-231,276,-197,-257,602,-236,-441,444,224,-522,782,354,558,95,982,961,696,766,-210,-273,123,598,477,-46,-853,800,-347,-159,-408,414,521,360,-310,-603,-897,-635,160,-266,882,-543,211,664,811,-230,-241,866,-269,-545,632,593,254,-245,192,-196,781,338,-396,-492,-821,268,921,772,-299,-315,-757,-124,49,475,609,4,932,-106,-332,816,663,499,682,-533,-973,314,-940,353,-858,324,-842,922,-338,-166,-497,-87,-897,-502,-241,-124,182,1,752,-696,-524,434,308,-519,-672,975,-703,990,548,978,-470,574,365,-410,-72,579,913,85,575,-351,918,-922,561,-906,-425,-680,-30,756,393,-205,-866,942,-771,441,-577,-443,489,-280,-380,37,-229,150,-388,-790,812,539,788,798,-303,363,-553,-312,441,-918,-145,-984,-526,897,845,867,-308,978,809,-7,492,-695,549,-19,97,-757,-908,868,392,-224,-922,277,-612,865,75,84,229,595,844,-257,676,-301,-242,-777,-404,-324,-837,360,-346,-955,-646,-781,-650,902,273,446,-855,364,387,609,-860,537,-114,-473,403,-965,683,-295,629,527,447,378,-700,-722,600,-32,27,763,-671,680,807,-318,972,-770,-343,245,676,-125,-318,136,-443,-179,-326,443,420,-850,477,176,-146,179,-224,-626,-443,75,-276,-843,-883,750,992,-555,504,873,199,476,-897,855,-206,851,-197,475,-12,360,-631,661,-124,788,810,-647,37,-263,531,812,183,-839,-39,906,-683,77,730,-617,594,307,-744,-207,-217,-642,-279,649,-790,524,124,197,-116,492,-69,759,353,-186,-815,-610,550,788,-725,-194,948,235,-215,-662,-615,-485,-207,978,821,48,-156,-323,406,565,-674,688,89,449,-42,-954,14,888,877,-560,-225,-865,-171,-602,995,104,203,-983,-588,987,-646,-203,-497,147,-152,-603,-732,692,74,673,330,472,434,-581,-5,-608,-463,-991,-647,-513,-551,127,-379,350,524,-384,-473,-273,-368,12,-212,58,881,363,-722,-271,759,-454,-506,-94,-708,823,-548,726,-685,446,-882,-149,527,-456,337,-951,670,-969,399,195,-354,998,994,350,10,-218,-518,-109,-782,-241,693,-949,377,-813,-44,669,-989,480,468,-602,-74,658,249,-546,-798,-341,-425,872,-237,973,140,481,-954,207,-168,55,-937,313,-980,-720,-855,712,-670,522,898,359,264,981,-161,-268,-620,765,-610,701,-708,-408,-567,-134,-463,195,-87,676,-323,-42,-117,581,-914,-55,-33,-895,225,111,816,627,-294,788,-14,969,769,898,-299,-778,736,91,922,-972,755,-644,-34,-708,623,951,967,-700,-18,-77,953,68,941,-80,172,239,-895,62,-134,-190,-150,925,-220,-308,823,480,-86,632,-356,-164,732,-528,264,-302,-237,-112,-350,-197,260,704,726,214,-228,667,-866,-982,-94,-689,79,844,121,928,769,973,-307,665,526,606,297,-829,-484,29,-358,779,800,478,-260,-477,-719,-999,-773,-920,214,-1,746,420,16,-275,731,-832,-430,-75,-904,-588,-102,-139,-849,-576,-532,447,-333,56,-450,382,-92,-650,-140,648,-55,140,721,171,220,-65,-757,39,-572,331,837,-768,498,-520,156,666,-109,-873,-472,41,-376,-5,-438,290,-876,111,-328,31,533,604,-321,-522,-255,-600,721,-962,407,-962,149,908,368,59,-860,-133,538,369,-467,-570,495,60,543,-881,-872,-895,482,-749,288,-773,282,-106,831,-966,444,-351,-566,166,-241,913,276,907,821,-356,-33,961,510,-495,403,-883,7,-29,249,-376,163,377,-272,-355,700,-910,-129,55,56,-298,162,-499,423,595,739,-818,508,15,-910,403,658,129,364,242,706,-160,358,-213,810,-393,410,-27,-943,-789,690,830,-627,-365,-42,429,409,-880,929,-167,714,741,14,296,-244,176,-301,-513,-622,-864,728,-915,48,159,-56,-142,766,-646,904,895,-436,667,725,-63,-625,-316,-561,784,-197,-632,-310,-409,-891,703,886,-63,-47,-342,423,330,-134,225,487,913,-616,-569,-156,-777,-143,-179,-881,494,-511,843,-496,-137,-400,-58,-280,403,382,409,993,490,186,952,-500,-861,-317,995,541,621,220,102,607,677,605,-549,899,-537,272,-982,956,833,861,-467,-231,-539,474,562,936,-144,-29,-997,-581,-843,954,-82,-632,-290,-14,982,-669,-793,84,937,883,-311,-538,782,224,806,873,180,712,807,712,-519,-659,259,-957,-722,-885,87,-720,-467,316,-692,523,757,90,-490,739,421,-211,-104,431,-255,584,965,-473,-191,771,-527,-938,556,-720,847,-889,-379,106,-774,-102,294,312,250,899,-298,557,423,-541,-279,-994,-802,-858,-206,93,645,538,-250,684,-862,631,455,-316,766,85,-37,613,195,583,-208,420,-446,-914,-267,804,985,434,434,481,965,-845,559,-764,-631,-574,401,-912,963,-849,771,-826,855,299,-70,621,-616,893,234,578,476,-974,-1,-896,-815,804,907,-757,311,414,723,276,569,282,511,-989,707,-88,-902,743,135,868,989,-10,241,-80,-389,624,-114,917,276,-565,-983,-652,-462,-799,-848,-482,-484,535,932,-761,-189,574,593,-605,584,373,379,682,189,-413,623,251,577,-136,-756,-739,-438,129,-748,837,564,-732,-742,-825,-459,-591,-307,56,943,-375,367,-173,-801,33,294,782,-521,-327,537,667,259,234,-9,-91,-902,235,243,-268,-563,494,-358,-926,834,-101,-751,-625,380,14,503,323,711,-130,-777,909,975,516,764,-546,-738,375,-879,594,-391,184,-497,-221,-508,818,511,-71,312,-847,75,219,125,396,593,-495,-590,169,901,-879,-961,-876,-897,-986,713,940,-460,-952,315,-340,641,996,917,-782,-225,-591,-891,-641,410,494,-415,-514,-287,709,881,-620,-713,-708,548,-812,-515,660,-615,-412,746,-829,-472,-713,-782,915,19,932,984,-64,-777,-241,345,-669,191,-245,824,775,313,-462,557,195,-83,843,559,-535,-968,-956,-802,-511,-369,944,-341,231,-769,-124,219,249,-192,203,-814,30,-964,603,434,299,-569,258,74,744,795,-296,-61,-215,-380,-502,323,-276,-459,520,212,245,464,870,-451,694,-180,768,17,700,44,275,-196,79,-122,-762,-622,381,495,524,125,364,-699,-863,-851,-79,-366,471,644,248,-8,-143,-434,-544,-200,114,-776,619,-45,240,320,999,-412,-876,151,538,-639,602,-81,928,199,-955,292,500,-819,441,-579,-112,-88,-862,-791,976,67,-153,-494,867,-966,-271,486,-11,-958,-121,61,-371,2,-715,-833,435,886,158,364,86,202,-344,-414,456,-830,79,-583,155,216,-302,131,-643,544,636,-776,577,-562,782,-361,-448,-265,772,253,736,-942,419,245,943,-422,-391,29,852,337,687,381,507,-161,870,-265,-871,-432,865,-515,-815,575,-219,835,-914,-437,-526,-362,297,-753,890,107,-623,383,-575,-680,-966,106,422,958,-557,109,413,-977,948,283,-243,-850,851,-304,-366,-891,-656,414,943,-498,-950,-509,212,347,-190,103,-473,186,-441,-49,578,-335,-943,0,-377,-428,-817,-964,-332,-796,392,497,-647,316,-807,-14,424,-391,-527,441,111,-478,931,-677,941,-186,498,-532,-927,-870,491,650,-206,620,-349,490,-734,-94,598,-67,109,63,-570,461,-621,-304,-480,803,304,-8,244,-512,586,248,-116,528,-865,-545,-931,-793,-342,633,856,524,253,-420,87,518,485,-314,-476,-406,748,-46,-872,-799,649,-280,-996,26,784,320,587,371,-359,-456,-28,-225,71,40,-19,728,-254,-90,253,999,490,-660,590,48,98,-885,715,-80,141,915,120,-210,-364,196,888,-580,-411,548,863,229,-908,-165,-923,163,948,130,-36,-306,-960,-710,-234,602,-297,-643,-276,800,-456,-561,-207,757,-646,985,-380,-11,181,-492,482,769,-943,345,71,-779,-746,147,456,-798,-723,-506,-105,-610,-217,661,-935,485,-909,-212,359,-293,226,-775,-536,580,-789,83,-358,464,663,-876,307,792,542,-622,-913,795,598,542,996,874,-891,-36,-663,-108,-375,-598,-550,-212,189,881,494,-584,-893,-969,-931,-610,186,-290,853,-150,-93,160,-285,-478,538,-199,-610,209,-583,-614,83,-475,422,420,489,-952,821,-987,-92,83,893,-524,498,999,-421,566,-611,765,-650,-684,-312,329,475,402,923,86,-723,-687,-705,-234,-229,451,290,-807,-56,-147,-687,-162,-135,221,920,-242,696,419,-169,-725,58,292,-887,480,607,-200,-118,156,-724,-195,-685,-448,117,-317,390,887,-866,-247,-846,77,605,-534,914,-457,686,834,374,455,326,-795,803,-542,569,915,937,250,-211,-107,-594,137,697,-280,761,-112,402,151,-152,608,903,1,-242,509,467,-255,-948,226,-420,498,-245,978,702,-442,-564,345,-454,-553,-405,407,339,0,-456,109,792,-695,-930,268,455,-82,-51,432,991,707,-59,458,-548,65,-242,104,-436,512,156,-661,-857,664,683,-239,-889,-722,-831,522,350,-215,-295,216,90,-226,-443,-382,691,505,-950,683,285,63,214,737,-798,971,-86,-162,556,-930,249,698,734,6,-540,917,356,-299,440,-220,485,-855,995,-352,-82,-448,339,-317,-870,461,-634,415,-402,579,225,-128,624,-861,709,180,-791,31,-48,-984,-963,484,932,393,-742,372,-754,742,589,-759,-536,-419,-135,875,263,-6,336,628,-518,-993,280,706,-122,-23,845,-340,-769,-873,691,182,-858,800,-261,-853,266,-4,592,511,-189,181,751,274,761,-311,222,97,756,-441,-202,-762,-435,-921,-982,516,128,935,-824,358,-938,939,-387,-724,740,351,-578,6,-580,-986,-482,231,268,-658,-422,29,104,800,-800,-140,-568,-3,170,69,148,187,-415,-723,122,-166,707,256,-227,-679,531,-487,744,953,592,-835,-960,-817,395,307,-403,-954,-590,700,918,-391,-367,-650,678,803,419,-173,63,-923,176,-814,-90,-117,441,756,203,46,-731,21,72,860,185,111,-957,-347,-508,-287,-229,-26,-587,-310,582,46,39,260,-78,-469,-840,984,-319,335,-757,663,-781,684,419,494,-197,761,-412,874,621,772,58,737,-502,622,-550,269,-404,-65,-968,-749,980,70,584,-25,674,743,-40,-572,152,202,-909,370,-41,510,-63,761,344,525,708,-35,370,-160,-225,941,-538,297,283,131,-694,314,381,-714,-543,-35,334,-869,-218,-706,-369,933,495,-278,376,-472,-695,-687,-638,648,910,-929,-314,354,-17,534,295,517,-96,-422,-352,209,891,-970,568,-579,67,-98,-375,848,195,255,854,-237,976,230,363,-646,616,725,-998,599,795,-239,-47,-149,-705,-752,-632,271,-102,16,-519,-211,118,-951,210,-815,-50,834,-893,-782,162,-966,-20,139,337,-656,565,-47,-858,640,-375,936,-599,578,-140,-232,898,227,-961,-203,-757,-481,658,433,-360,-59,618,589,-152,797,806,-989,830,-140,149,167,276,-213,-807,417,-573,-182,426,-100,-531,-714,667,-560,585,779,236,901,-702,-105,334,-62,835,25,-400,-316,-178,-520,-306,-274,412,915,892,-312,-225,-841,-822,202,49,676,-898,517,-965,842,956,619,621,266,520,991,-766,-145,2,-858,879,602,-175,-225,-918,591,500,566,579,465,-746,-572,623,-496,629,-328,-820,730,-738,-786,645,-708,832,266,557,426,258,790,-646,-740,931,-767,934,-170,80,-911,-506,-420,654,-853,-954,980,-426,668,-516,-797,-586,-337,-994,-325,-51,651,-34,-145,-10,-477,-719,-752,-614,-366,-419,-609,-61,-412,220,-980,-323,786,-328,-596,932,-210,-615,-494,-468,-132,-219,-55,604,-140,619,-374,-416,-341,480,573,254,760,894,713,-533,-452,-896,479,135,323,498,884,109,-757,-711,115,33,-254,693,564,686,-525,-491,290,407,-799,989,-936,-68,469,636,-740,230,603,972,769,-776,-924,248,432,398,-181,316,-420,62,677,694,-832,-577,388,731,-890,935,-687,472,342,-414,461,405,518,4,114,777,-693,-209,822,-924,87,897,324,-481,295,-857,908,947,277,585,642,444,-918,103,248,-736,38,560,808,-547,-853,343,930,737,-653,117,587,-347,980,409,-272,68,379,-875,659,-326,-659,567,-306,617,226,-591,135,307,511,-617,570,-378,-983,451,147,-764,-206,150,-954,140,-659,632,865,-679,114,-406,461,-434,-209,121,312,131,-239,-994,-178,986,-585,-970,366,998,-588,9,-379,-499,-539,840,-264,254,-9,-219,-532,331,-514,-667,724,672,-1,259,-762,863,-547,549,67,213,555,888,273,969,990,-361,-959,-524,648,-339,-24,-818,-425,712,508,638,-507,975,-31,-21,-618,-234,-349,380,-975,-38,243,-450,-489,-689,763,-934,-728,109,-892,-664,747,-851,-189,468,-118,859,722,456,571,231,94,-862,279,-864,189,660,-98,912,114,-1,-126,-643,549,385,-260,385,523,85,-506,631,420,-686,779,-696,855,-339,-837,577,-809,807,-119,284,944,-839,493,206,820,-605,191,-66,466,-934,364,88,523,-823,-527,46,261,39,-250,-246,353,-398,130,281,263,293,-142,526,100,739,-117,117,972,-624,-604,792,-157,586,-200,-690,724,-763,470,320,-587,943,-560,747,55,189,-499,-592,791,631,688,127,-3,-380,-347,-830,-568,535,359,-596,984,754,-731,-173,413,68,136,211,304,-320,-469,790,-377,-30,537,677,-767,-889,-841,-903,814,919,223,-116,-388,948,53,43,556,-588,519,540,-761,788,-632,725,-71,576,-64,-693,-744,539,-903,-49,-417,706,-298,-112,816,-67,-16,704,-148,-793,-412,537,-772,641,-420,783,-874,-827,397,-562,-966,837,-764,-38,486,244,268,815,-217,437,-234,438,143,540,-674,33,-527,309,-263,398,588,397,-65,888,111,587,672,310,759,142,820,865,-21,-944,-172,-462,299,-831,-647,-845,606,192,593,-178,-268,991,927,278,374,-263,-324,-38,-865,683,-149,245,270,-404,-445,103,810,-625,-32,-138,-497,868,399,801,-962,752,-970,716,-56,695,-389,748,686,-461,26,60,275,774,-904,409,457,19,-272,-199,687,355,976,497,803,17,-641,-694,-41,830,-819,-4,655,-790,-215,-328,904,395,-579,590,-993,519,-276,282,294,-108,-236,-176,910,564,697,597,-80,673,167,-204,-236,598,101,722,428,281,-209,157,563,575,828,467,43,-678,131,123,841,927,-595,208,-181,241,-968,-271,-121,802,-601,798,475,565,-406,-688,236,767,-966,-263,122,-176,893,-315,-528,722,-774,588,-956,429,-289,957,356,188,165,-825,-571,270,-24,380,72,374,178,-380,12,844,-68,-679,685,38,57,-193,862,24,564,-593,-254,789,994,-138,218,-295,-107,-353,892,-869,-179,-605,400,869,774,-455,243,-47,238,-672,-130,-830,-279,-445,207,778,434,142,-198,-1,549,620,-139,543,-445,-920,-751,447,-274,-859,578,620,-392,51,489,-617,596,-194,408,-93,206,-722,76,927,-94,-644,778,-587,571,-347,411,193,-654,-654,-264,-100,-502,57,-652,296,271,998,-84,878,49,-521,-739,-282,357,668,624,-437,-980,-227,-437,-2,202,-586,410,-154,66,-105,-961,411,240,-153,-615,810,904,-195,106,248,-197,-904,126,924,-426,460,-357,930,201,-660,-434,293,186,202,-709,-539,615,774,306,-318,-258,344,-834,981,-809,-450,864,-832,354,-30,415,-770,65,-385,-845,711,-852,-130,641,348,209,-719,-285,-532,482,5,-72,97,-148,-766,851,593,650,-909,647,841,-287,511,-918,-932,-518,497,-630,619,-815,-476,331,-668,393,45,752,-324,325,-533,143,-120,545,-928,-949,-530,-695,901,-936,955,-935,710,869,-222,295,950,-82,776,520,287,468,704,811,-201,-964,204,844,861,879,242,-599,23,-804,-981,167,-754,-511,471,-780,-448,499,-715,-665,441,62,702,392,979,551,-88,266,20,-310,150,818,-202,-645,735,-341,-693,51,60,402,246,151,-431,491,639,-886,783,-736,685,-932,-328,127,129,-626,-408,181,925,503,-552,-55,-807,670,-164,-9,-975,-428,722,-595,695,-145,879,-59,-993,-478,-495,645,-365,-712,982,-607,-571,-346,519,557,27,-816,-188,-48,687,332,896,952,2,-267,16,100,377,-261,504,72,593,383,-914,672,904,-410,318,-388,-50,373,78,378,-973,-330,9,53,-146,820,-994,-459,152,974,-434,-773,-293,582,326,-843,-606,-97,228,986,-713,313,732,-736,975,123,-51,-74,-504,-973,-623,-478,-304,385,574,549,278,652,-837,-497,627,-198,-270,-593,-616,-871,-436,-150,32,864,-91,391,251,-359,727,226,763,-324,-775,-741,-225,-398,-220,544,-940,-645,166,338,-920,329,913,706,-796,-284,-886,-340,-155,-250,509,876,-386,-582,267,864,59,-6,164,-178,743,461,154,-409,-937,933,-865,-804,-639,301,606,-559,-297,519,-780,-94,-764,-594,565,80,155,74,29,842,491,-631,779,-377,435,-57,518,178,-595,-328,842,-460,-395,976,-192,39,277,-586,479,979,-993,771,-42,-685,-822,-477,467,332,669,-504,247,234,-63,27,856,-628,-957,374,623,-480,-881,465,60,-203,441,867,835,-208,-645,387,-229,-639,158,802,-252,408,-675,-785,-259,994,-290,-939,228,646,87,157,-909,130,-395,713,649,-277,251,-218,592,-307,-277,427,484,150,-113,-672,510,-881,-870,-742,526,-472,-455,-660,-405,327,-599,822,46,560,52,136,-237,656,-77,-514,-547,-826,267,-955,-134,-937,545,-577,212,-568,-176,-205,-377,26,125,-850,626,669,-511,-779,-4,-111,-884,-958,-477,168,178,285,-103,-826,770,422,-653,111,467,286,173,85,781,-614,589,-322,253,-787,704,-621,-638,403,-952,-77,624,44,885,739,158,-592,-20,-591,692,877,-418,536,299,-71,-353,-161,-785,819,996,995,-722,586,-326,531,798,-549,909,-767,853,-970,155,550,146,113,363,-695,520,-657,-287,286,-707,368,-178,665,-703,468,-423,-416,360,-426,-348,638,-767,398,242,-896,848,224,-664,775,253,563,325,-527,-323,-239,-223,-730,104,562,555,469,-70,-623,134,299,844,711,882,278,-642,-465,-11,-410,932,-769,-307,854,527,28,629,-147,-336,27,325,413,861,-898,683,-35,737,238,-566,-333,615,641,966,532,352,848,-117,709,-544,871,-628,-538,-898,64,-684,628,-835,-982,-518,-172,117,806,-758,-22,981,997,-984,718,235,-550,-542,-77,-909,-576,-471,515,-654,411,297,-126,283,668,335,457,-268,650,159,-31,667,713,796,-142,519,-889,835,573,-819,851,364,416,-626,822,-588,-463,-681,-60,-948,-336,-648,421,611,707,89,-54,164,893,-403,-677,-138,-663,-964,-269,194,628,-85,103,274,95,-46,-361,-416,400,-466,-4,936,-148,935,-939,589,-640,481,200,-933,-430,-854,304,-464,-185,626,397,152,735,-799,-581,436,115,521,-290,-716,-452,348,-133,947,881,862,956,-193,871,-983,-604,-769,497,595,-629,-860,813,747,-325,-371,446,-855,853,181,-654,-728,-383,460,866,400,816,-586,-252,-316,-565,-297,-381,-536,509,-510,-519,977,-206,-949,645,237,-809,458,-16,-62,-913,-570,83,939,684,428,-715,-699,-39,-849,773,-222,-363,-478,534,144,297,-847,608,-121,-284,-838,-144,509,-715,-426,-181,-452,-968,802,486,-808,-695,-431,-869,988,-930,-512,-637,103,-362,-864,953,348,-270,487,-508,-900,713,-827,-22,-571,-593,906,-989,-308,-520,-171,239,-488,-296,-202,-224,8,439,-21,70,508,467,505,-315,-822,640,-362,525,-556,-801,-909,-457,984,-737,521,-587,-330,500,-504,434,980,397,-254,-435,-899,544,340,181,-17,-681,-749,-435,858,828,249,-963,469,959,561,985,-769,651,-472,-785,987,-878,-300,-270,622,195,-836,675,-408,-91,-687,-235,-547,652,946,509,-956,-730,-926,902,-828,322,938,640,354,572,625,585,224,-774,799,211,-652,-500,-986,-957,767,-823,717,-640,158,-970,197,684,754,216,193,870,559,266,845,730,-339,783,443,-985,429,141,672,-347,366,472,936,786,-955,949,828,811,-801,545,-756,356,647,441,40,474,-343,-767,345,-784,571,190,-981,-695,47,461,-607,-524,-398,-935,201,968,536,137,827,580,159,656,465,357,274,708,-214,-78,149,826,-604,879,-868,813,-832,776,4,-813,-919,-949,720,-527,-401,-677,-462,799,-636,-853,9,-809,800,-832,919,265,597,194,46,-617,-884,-731,-718,-416,-852,-513,-602,-612,-737,474,-353,-657,524,-632,-111,-804,-237,426,994,199,645,76,462,518,243,382,-217,-87,-424,902,368,-236,-829,650,347,-609,-863,817,-149,-601,291,498,-186,-112,938,702,83,-226,201,150,-954,-80,-774,507,-562,541,-38,294,-473,537,196,895,-626,439,545,794,829,754,611,-320,-774,-24,-749,39,936,-738,-185,20,35,-984,-757,153,8,-458,-339,446,-844,622,-187,-317,233,-991,-422,679,447,-804,473,349,949,158,-898,-825,-866,-647,286,-930,-313,-899,162,795,-810,478,-52,197,-907,608,-284,-752,304,528,-70,-390,609,580,-711,129,775,762,-522,797,-7,-420,971,126,5,258,268,764,431,-496,559,620,-945,-492,-109,-853,-811,606,-606,492,208,397,-825,-183,-23,-536,946,-174,-774,-503,-377,291,149,-332,-583,-773,998,757,991,429,-666,550,123,-612,-869,-913,-393,-680,765,1,884,-27,-529,-940,863,447,-477,882,-654,-179,-621,-31,-888,528,636,-399,827,634,-569,818,136,-162,442,-668,225,572,-582,905,964,-816,-94,922,156,449,981,92,-104,-423,-26,242,470,353,-716,654,-46,992,-745,-219,699,-242,-327,-165,595,-812,167,-106,832,657,-201,797,840,777,719,70,226,773,-838,-805,-650,136,509,892,-438,792,546,588,784,873,-631,556,-369,114,-608,-700,301,631,193,134,361,-935,-69,202,841,-277,-655,140,-431,-421,334,-82,714,-156,-117,-651,-291,-571,936,-433,-698,-621,-877,5,492,-413,377,-206,-709,-357,-999,652,-293,4,-73,-379,726,271,760,-705,849,168,285,637,-915,-832,-941,-207,-331,995,432,43,-553,628,-952,938,-785,498,-195,-421,-859,-195,-769,-152,808,230,541,607,-499,302,974,-577,-457,332,-940,-373,572,-808,492,-759,-813,-75,283,-367,-374,404,-356,-87,-98,449,491,42,-673,794,962,-791,24,577,888,597,-48,863,-979,494,268,-847,-879,-159,-656,685,154,-397,-317,-562,308,308,914,952,-778,-111,474,785,-996,873,580,966,-918,-323,616,970,-725,-432,906,-632,-938,174,-480,-745,-912,-63,939,242,612,-304,752,-79,-996,666,-54,-702,-445,-580,-916,-442,-634,736,-403,-479,-587,-787,-436,-313,-220,-530,54,-86,716,647,168,804,-343,181,119,-731,876,-129,262,952,-463,-792,-749,164,-300,-593,721,66,-857,-608,586,-445,-323,-850,242,530,-308,-631,-556,-519,-911,685,-642,-182,-61,476,87,-112,-653,-578,-160,-44,-370,90,-880,402,569,914,-459,711,-694,-800,-733,55,-578,581,-415,113,949,102,667,-888,-140,-975,-71,871,574,-911,-241,920,-489,598,-123,213,-238,69,-385,-669,-17,156,-957,361,355,-618,-583,777,962,74,-37,984,-751,-370,-904,181,-272,98,52,-698,259,810,-705,769,482,244,55,-683,-686,743,-280,369,-101,-238,-269,-673,216,220,-823,178,-633,213,236,-384,915,331,796,-357,-498,-78,17,761,-268,312,603,-713,-371,-268,-397,-58,-525,323,-615,446,-842,115,845,374,-592,-977,-375,-226,235,860,462,150,265,332,866,766,-746,-117,600,58,-732,277,345,-103,-918,947,911,-444,343,-704,-998,501,483,846,-52,963,941,572,-262,249,433,-727,-527,-229,604,-661,-463,857,294,-789,-11,635,560,-666,-395,641,-719,-484,-730,697,-115,-729,198,-559,-810,-854,-595,-795,790,215,453,296,487,998,-933,165,-590,-323,95,704,-40,-916,339,-480,-583,943,-766,-229,-468,-497,-532,489,-154,738,930,108,956,-665,312,746,549,-161,43,109,-90,109,-653,320,858,442,24,-182,598,-564,337,-984,-548,643,-141,56,-854,399,-454,-9,137,-524,-827,93,-117,557,-88,-495,-531,954,686,379,137,-966,-301,-5,475,795,813,73,-696,223,161,-172,-133,-907,883,85,491,-498,-850,-372,50,-678,793,932,878,-294,-563,-652,-267,-876,799,942,-770,-502,-62,777,-707,-176,-77,-404,-880,-915,496,59,-750,379,-855,741,954,-633,-558,4,-312,-691,-63,-361,14,446,59,819,642,-142,762,871,428,-227,721,720,596,-355,-611,788,-198,884,-152,51,337,65,-135,291,431,380,-705,-808,688,304,-97,-225,-176,962,-406,-461,-107,-644,-516,-678,128,-795,-885,-203,-151,-423,-414,650,-466,506,-298,870,-356,639,234,-925,19,602,-661,-293,-94,241,554,802,276,-851,-658,-757,-423,-175,-436,778,29,-249,-352,951,327,306,601,861,-188,-624,804,528,-984,39,602,107,-359,-986,887,619,328,441,422,-396,662,836,-154,-760,-339,482,-909,762,-766,-262,713,633,-955,388,567,-71,836,372,-542,924,-516,-867,32,197,-780,-81,-184,547,-567,-689,-776,-904,-780,70,-665,-47,-375,-502,-284,-69,235,-498,-362,352,962,-795,-645,799,576,-115,796,-867,17,-172,329,236,819,-781,-144,-747,-398,80,-652,-178,-777,-245,774,-153,325,-437,851,-440,138,-511,985,173,-307,-660,45,-657,224,-158,-525,-686,742,877,623,562,-904,-521,887,-303,558,-692,518,853,62,366,-299,-540,928,-375,92,139,113,77,-687,878,489,357,-706,-214,-801,-231,173,941,-354,-204,576,-186,347,463,510,-21,843,29,-168,-22,-605,605,437,-604,-770,-471,535,342,606,847,294,168,277,587,954,476,-571,200,490,147,995,139,960,415,-325,471,-606,-482,-427,226,495,40,-169,-68,435,61,460,43,-524,139,-110,842,-619,-759,430,-592,716,931,607,279,79,675,-582,39,90,92,-417,484,682,155,-217,177,-805,613,-818,703,-253,714,-254,296,-146,709,138,307,949,-359,714,738,-354,321,17,724,-4,434,-164,-841,-401,419,642,-719,-353,-575,530,-158,-888,711,-455,-69,425,363,-700,-648,72,438,658,21,-848,372,-241,-203,-234,775,-406,834,282,430,993,953,-78,635,-766,568,-866,763,-517,-682,547,27,248,-27,-536,548,397,535,59,56,-370,283,-499,388,-846,267,237,-253,101,-408,-750,94,-454,244,-197,-148,-187,-64,-311,295,326,-691,-604,-353,281,-141,-805,-248,-533,326,807,96,-317,-692,-442,-164,647,867,655,-178,-541,978,915,77,222,-209,-997,-892,799,-236,476,125,72,944,772,-573,-124,-960,178,342,439,58,-488,-878,438,69,30,159,-64,-242,980,467,-191,968,-382,-895,-240,-380,-715,-441,456,760,757,-399,704,529,100,-347,641,-722,995,80,408,-493,274,-153,648,-623,-994,-416,208,-941,-876,-983,-973,-259,-806,-214,433,-521,418,-38,-688,175,563,-910,-223,-337,-258,-582,14,-190,571,-578,389,-155,341,37,295,419,693,-497,477,817,-408,577,-369,-141,-564,-935,410,853,26,721,101,-338,883,877,325,-301,-704,-588,508,866,-167,-102,-216,-752,-992,-848,739,701,-273,290,591,392,-133,-778,-676,375,-641,733,229,458,527,-670,-880,411,-792,517,-817,-424,928,690,-485,-165,-339,371,155,-331,596,-106,-557,-677,-743,-966,787,196,-745,-889,-428,-313,843,800,-855,444,-797,-663,-72,-517,927,110,58,855,-200,645,-237,534,17,917,-797,-387,-115,-282,8,214,-249,-204,-589,78,-94,-18,764,-177,-145,981,-733,57,-608,194,540,-681,-623,-329,-753,249,-683,10,-217,406,0,58,-908,957,775,99,172,-474,967,655,677,-53,-363,514,842,491,496,-891,-379,960,375,-766,-648,751,-22,-402,0,367,680,856,-227,-246,-86,-63,-216,-310,-891,955,288,-923,610,-35,96,-680,-520,-62,883,-951,119,-495,-918,-506,-189,-567,-682,788,30,390,155,-216,246,-999,537,-766,-63,-679,-77,46,-650,-716,195,-967,322,-636,-647,874,301,-764,995,-580,-187,-923,-14,624,-491,376,485,611,-234,-359,-605,-914,-286,-995,-681,651,-601,314,-230,-252,670,-962,-220,-8,-599,205,-134,774,514,-66,-733,-600,10,325,-903,591,-299,582,203,539,-704,670,697,9,748,-984,-267,-853,402,575,-106,73,685,746,-862,-841,25,77,932,-461,-989,-728,-62,21,596,35,-388,-703,-310,887,909,-15,631,606,-933,379,695,-127,525,97,-552,-508,-757,-866,-689,-546,-708,335,530,-702,873,540,-431,-115,-366,-834,992,319,-465,-318,279,-556,739,-90,-876,878,-638,818,-249,959,-85,199,-549,231,405,-238,684,769,-903,287,-933,-956,-100,-291,1,534,-53,-7,-74,481,747,-795,998,486,188,-878,364,549,939,-884,509,-73,387,-967,-769,-208,-133,987,-439,37,274,-299,80,-825,482,-919,708,-571,146,-293,982,-107,-89,980,-548,-828,-825,815,721,-813,-996,303,187,463,335,417,-745,-724,478,-111,312,-248,662,-608,-74,144,-455,-293,572,763,486,554,-344,-602,608,107,-431,855,-5,-637,-884,72,738,302,-465,147,-208,-137,422,-730,751,-266,95,413,198,-906,-443,815,-199,-798,578,-713,828,-693,-243,436,413,399,365,-519,834,480,625,573,-218,-766,-207,646,96,-785,916,-80,21,84,-594,-781,177,35,-966,977,236,611,-662,64,917,167,-426,403,-361,938,956,-526,418,655,-880,-727,888,-88,918,57,199,907,976,-780,-9,-545,-562,-831,562,-456,-781,-129,-772,-371,934,-782,869,-419,693,-492,-408,722,-19,-917,377,173,-645,265,-915,-653,-605,283,-746,-556,502,318,-102,-987,486,-540,-444,777,330,-144,-520,338,73,-651,991,-234,-144,-416,-511,910,-334,865,83,94,204,241,440,671,-476,766,-884,-900,84,86,-815,-357,619,-186,-579,22,669,-27,-640,-257,321,-575,508,-750,81,-930,-840,819,-991,243,-87,285,-443,-647,-44,153,-880,71,252,276,-769,510,919,849,-676,-587,-129,992,385,304,-265,-294,728,-683,-45,-118,-541,188,-299,-533,-496,614,751,60,-960,-219,-787,-768,924,538,508,-845,48,500,-996,371,912,-125,363,370,-821,-828,-851,979,-439,176,-139,19,-636,561,559,-133,248,310,999,361,-836,-787,592,-911,750,173,-757,-129,-327,-753,-758,-342,194,677,-972,445,921,-824,424,-445,352,-642,574,715,991,133,-344,313,-484,-345,-326,-247,-133,-734,-159,-310,512,83,560,-815,402,874,-84,-404,625,-57,-886,619,119,537,-825,-456,967,821,-741,-967,27,-13,345,615,642,-981,-632,-418,-643,208,345,941,-708,-22,-800,766,-74,115,-564,-376,-942,-451,-757,249,-840,-510,792,-873,-689,-875,-841,337,111,576,-47,-174,594,320,481,-975,-398,-101,965,-107,876,-835,-268,-125,279,167,498,410,716,814,-341,875,-696,-548,-925,-312,-351,-766,-975,832,882,50,-341,477,-556,-787,574,45,111,612,-989,60,777,-258,-991,129,909,579,-461,698,393,271,573,770,795,647,-542,-556,953,-445,-724,836,605,7,386,-951,219,33,93,-597,-355,103,536,-505,917,544,624,826,123,-764,597,-410,506,243,-640,301,-36,-110,744,-10,444,-906,-101,49,100,-715,170,-607,390,-664,-205,-964,438,-669,-470,429,947,-846,328,144,-537,-74,733,968,-831,-834,270,132,55,87,-877,-501,180,21,621,-646,379,-136,-254,-231,200,540,-123,-289,944,407,-860,964,633,468,108,-904,-533,-159,-862,-365,79,407,840,-866,-433,-964,-294,747,129,-600,-826,-492,263,-81,350,-464,-541,-773,247,-524,706,459,-559,413,-73,548,581,466,-537,718,-898,541,198,-985,748,765,-950,-546,585,178,-147,758,759,-811,-323,109,-275,208,408,971,684,188,503,-802,-399,-569,745,-818,896,-719,900,-929,822,98,-915,570,-64,-793,-903,-479,385,22,-721,217,210,-45,-674,-992,-763,806,-948,920,-6,555,-882,594,-941,935,849,-972,-783,822,-901,-888,-80,-744,754,856,-464,923,-550,993,-55,-271,210,-772,756,535,-764,992,414,-640,985,-591,914,-824,-924,972,-888,924,-999,-599,746,-828,-415,-260,-500,-661,-404,108,-738,45,101,279,846,-689,506,603,918,814,668,333,-825,727,741,-838,902,816,-792,-913,814,-719,-440,560,-548,144,-700,24,482,-32,-867,816,-913,306,168,932,617,-325,608,608,-438,350,-59,-191,77,-245,-29,-21,-355,178,139,-541,458,698,-981,982,-157,-681,79,-602,286,284,-712,372,-409,455,378,-719,-797,59,888,-235,-591,-170,573,485,657,-383,-462,-698,867,676,-240,398,374,-221,453,-783,170,-467,-385,-471,889,-25,974,-520,-570,352,-167,-367,-589,-278,397,-180,624,43,-622,281,733,-85,583,673,-409,-657,72,-961,194,-475,-745,-636,57,-58,-107,-53,916,-133,499,-580,-708,-667,52,-298,127,-478,594,-249,637,-954,-968,443,33,614,117,697,-969,-811,735,224,-287,-937,588,843,78,-446,-137,-6,493,-565,486,784,-233,-462,-441,966,132,-773,-283,-230,-728,-251,-787,304,-564,329,1,-534,590,-191,763,-696,-128,424,-780,949,977,82,16,470,516,-497,254,-643,113,885,-604,-754,-888,113,88,-617,934,300,760,-630,-297,-166,-91,-707,643,-255,-331,-485,-831,-39,-463,-854,-957,552,688,632,-872,15,-938,241,-100,-543,486,12,569,-426,467,576,946,300,-980,-278,-865,1,88,777,745,829,-635,913,-209,-99,-868,-94,-547,892,-462,-346,-93,-328,894,879,129,453,-36,-229,-900,-568,-652,-881,804,-560,-159,938,440,-998,788,185,830,-847,171,-306,53,302,600,579,194,-862,-767,-826,-117,-800,-947,-988,652,90,-145,751,594,275,869,398,714,-217,337,154,-216,125,-588,-312,278,582,381,-596,-116,-19,-944,-849,192,-712,-603,-925,-440,-477,-841,-788,612,86,962,206,-638,905,-396,-851,-312,940,303,545,139,787,-767,-510,370,686,-107,-673,-332,22,-522,932,382,-53,-920,942,469,-762,-846,81,396,-810,-640,757,-832,-36,979,-145,-23,355,-527,-884,142,-222,-322,-488,-535,644,-161,132,-334,389,137,-952,-664,216,989,878,526,-856,-41,-78,-594,392,-320,-427,-644,-268,500,405,-913,973,594,228,-249,-728,740,215,915,-348,-580,-419,-959,629,-371,-551,-155,-309,-673,-629,-166,359,293,312,-249,-954,884,179,-223,458,-416,-137,431,-822,-909,-745,-477,903,543,-562,-445,-964,92,-332,665,720,117,-490,-589,516,-119,318,-125,-753,-297,698,-708,-412,-123,141,-954,534,-996,549,784,-833,876,-693,-929,419,-182,-302,455,909,366,193,702,-444,775,-814,-928,-271,503,20,-25,-793,-209,339,-133,741,-520,-15,275,-517,-466,132,-350,-517,439,-207,902,-670,563,430,-761,2,-377,-986,557,-602,-801,702,127,702,-205,-825,981,585,514,-79,326,993,905,-326,-523,-488,806,199,-6,318,-935,-31,720,627,-528,958,-370,94,971,-740,565,-757,-965,-235,-982,-98,-61,998,-512,-474,-8,886,-480,-30,-366,69,554,-487,-659,-378,903,-595,590,623,-895,-937,654,-193,229,698,67,-133,940,174,631,958,-923,-356,-970,-363,169,22,-404,761,991,229,-170,619,814,170,-759,717,647,830,340,752,965,-6,-441,268,-308,698,-865,-367,-54,839,-409,22,-517,-307,731,724,714,-600,486,779,629,-611,398,516,559,638,234,279,541,-426,31,507,568,663,-225,-667,434,-18,38,-620,-179,628,474,303,-678,205,101,-891,605,-413,887,307,-25,285,-177,-393,-4,-943,959,-462,-296,-10,-882,-655,-274,-35,-323,-839,946,715,-460,-232,416,-985,-856,810,292,244,919,-30,903,879,-650,-48,238,173,558,-766,302,590,-156,-921,-419,-39,-577,379,998,100,539,945,-112,-847,-287,-696,-760,-144,-885,531,-826,-893,-425,-923,985,-76,28,296,-830,-340,530,545,-750,-553,623,-97,408,-953,-717,479,219,894,424,-893,-953,-790,-590,-714,66,-403,890,312,-224,-535,388,-165,461,-510,-869,631,149,733,249,471,-819,-128,-625,661,-9,-270,140,-790,-376,-435,-684,-329,-226,-201,29,912,468,-8,224,-755,529,-314,79,-9,175,282,-305,-603,16,943,867,196,-112,-758,-143,879,-29,-930,-838,668,-366,-449,-661,481,422,440,466,-110,-567,-309,207,-965,449,-641,25,-376,641,792,93,-343,808,-40,925,-230,275,-145,-278,-681,-76,-117,986,631,433,-602,112,-72,838,-422,891,-656,341,98,-622,-210,530,476,486,171,341,-421,900,223,612,825,992,-113,-320,-286,205,603,596,265,307,103,662,-581,-969,573,70,921,916,-589,93,-632,274,-377,916,-167,866,257,485,766,-447,97,664,-455,-943,-583,258,334,-980,-72,-401,327,-896,-738,818,-793,834,-112,-798,824,372,294,-735,-281,989,-819,551,855,510,109,694,-936,-721,358,-319,-665,774,-987,742,866,-60,-659,266,116,-325,158,322,-417,-881,523,-520,490,-110,-256,-791,-48,-3,833,-120,-420,-58,-426,-284,221,-995,397,628,851,482,370,791,-578,784,130,610,-468,-639,-68,114,-520,-471,666,-957,491,-590,-748,-556,479,-842,323,-940,172,970,-152,-534,974,-682,-905,899,799,537,690,-706,394,-107,903,926,254,-91,113,733,437,-220,775,1,262,-900,444,-185,-670,-232,-53,502,-262,794,967,-215,-887,-865,-316,911,672,-553,-794,66,413,-818,-8,-333,90,-821,-527,-400,-42,-752,601,-707,-579,45,107,-250,885,-873,-675,-304,921,-707,554,-893,-573,-762,-982,-828,-242,-704,238,-829,-522,-697,-90,567,-519,382,-832,511,702,768,877,-804,-114,57,-54,-228,184,270,540,105,635,94,211,-864,405,301,-693,-837,670,544,-594,-852,920,388,787,-526,-230,-972,-941,-455,868,935,-259,-245,-8,686,599,-751,29,139,426,-262,-766,-363,-127,638,-988,179,873,681,-203,-648,901,-283,739,688,263,-418,716,321,126,584,256,866,-588,-678,625,-989,-430,-272,223,996,465,456,-294,-589,167,-210,589,113,-529,-541,464,-628,248,276,-866,-488,857,922,832,-17,506,89,-77,991,483,-379,-998,-874,348,224,-878,-114,-247,-99,296,992,690,-41,105,-765,490,-358,-321,-261,917,-188,250,847,-266,82,-96,-686,-756,826,-695,726,-480,-621,925,868,676,-953,-173,-571,20,-803,-505,-216,155,672,18,-282,-685,696,456,-695,-418,-294,-774,315,788,129,701,-895,28,-994,904,547,-615,829,488,-939,948,-684,-438,-31,-415,129,825,812,-198,-84,-470,189,-315,986,566,266,-308,791,-345,-447,-7,-644,-269,-979,-638,-365,641,-181,-536,129,-48,-588,517,513,453,-898,-284,278,913,517,-806,-483,-221,-121,-497,-655,-782,267,-863,-128,820,202,228,-449,223,589,258,-63,-592,721,-934,432,-867,656,-55,659,830,733,10,817,250,204,-666,-971,-844,-164,-553,-627,-897,-344,245,995,857,-527,-381,153,-865,876,-910,-385,597,-844,-953,803,884,64,535,714,-202,-455,531,-879,821,937,-777,976,-154,-331,-577,-51,324,740,17,254,-787,709,-592,-580,585,-503,34,256,-275,153,132,-391,-783,-333,-603,14,211,-999,208,33,938,430,82,-216,-828,504,805,495,244,-104,-251,529,-395,229,-978,-810,726,55,518,-549,-792,-350,133,-502,316,529,584,-399,602,-208,706,540,-778,-212,-602,-607,-634,-797,960,682,171,-217,285,775,-988,306,965,810,-565,483,-738,-358,-793,467,212,522,69,-203,-804,-329,588,901,-715,883,-310,-318,-651,128,-43,-617,-190,-871,165,-905,903,249,474,941,133,908,498,467,-377,704,-66,835,299,-997,-368,495,-327,-707,396,30,-824,-841,711,-475,359,-258,-93,-757,-130,-855,-663,-154,466,883,-139,-401,791,-641,-934,-585,-864,72,-677,434,74,-46,2,820,246,-528,-150,495,-297,-365,-980,-937,376,-1,-695,-754,216,-286,164,-318,-402,-975,354,-611,-544,419,-124,-409,-508,198,-901,638,-775,173,531,544,644,-618,39,-652,16,131,-590,-535,-797,-213,-290,418,500,946,-827,-902,-955,526,-440,-500,19,508,164,583,-220,335,221,77,-492,-247,-379,-774,207,732,-427,-704,-64,55,-240,138,841,542,-371,341,488,-125,512,532,-526,-928,-894,492,652,342,148,-568,-323,-557,509,257,268,-797,482,-525,935,-945,-230,-56,182,602,-844,23,144,-216,-635,-295,731,876,-689,-794,-979,-511,697,745,830,-81,-822,-420,361,759,836,-371,961,319,103,969,446,945,-86,-371,620,69,651,-236,925,-911,541,657,-962,851,862,-869,-660,632,876,-830,-449,-873,-251,984,885,-341,-387,919,977,788,889,496,806,-124,-875,426,-982,849,-810,942,-989,731,672,-878,655,607,-748,995,313,-799,-762,936,-673,-13,921,-715,718,-466,-795,695,-677,-833,264,-871,115,389,628,132,311,817,147,394,621,-180,515,277,-500,840,345,812,-959,582,822,-559,-358,743,-202,-640,-650,75,-872,-255,314,392,-53,-571,-146,-425,560,-762,-535,-292,631,-913,600,220,436,-900,60,-146,985,173,-564,807,686,151,623,-515,583,972,632,711,-282,-53,176,737,375,-970,-688,9,-660,-224,789,970,-65,389,190,-629,561,-677,224,619,496,733,499,255,-43,122,812,-460,168,445,-676,958,-535,572,695,912,674,-993,-79,-986,-145,-217,984,790,-828,247,-766,806,570,458,425,139,264,-2,-606,-706,-880,-793,-94,360,724,230,391,-811,-198,86,-899,-450,165,95,-437,-979,877,-453,810,-877,867,-956,-998,437,574,426,-351,-89,-576,42,204,-383,321,-889,-950,45,413,441,306,-712,-400,480,-163,765,-425,400,858,-475,-980,668,-280,886,784,-279,396,432,-779,-882,-584,-356,160,620,333,-446,803,456,599,289,-103,-95,649,496,-615,-513,334,32,959,192,630,-948,-67,-650,-988,-209,71,480,-777,291,598,-362,-992,-169,-669,414,384,-793,-130,-17,568,839,961,218,408,-581,777,-257,451,736,934,81,860,-59,503,871,731,-426,352,953,864,-50,-336,945,780,68,359,237,274,-698,-779,-84,-859,-745,-866,548,-327,910,-636,-803,719,-628,350,579,312,-146,524,43,500,-51,69,438,971,805,383,824,-127,-185,61,-779,116,354,136,329,608,269,-123,-645,252,314,-376,-29,685,974,-377,-3,-99,-780,-887,-599,168,254,838,139,59,294,-37,932,-891,-975,-774,297,378,361,-374,60,-297,576,414,-972,-110,-962,71,-425,-915,693,644,-15,986,829,459,154,83,297,-706,-858,-335,329,-853,-227,426,-628,-856,-195,805,-231,937,-419,-655,424,-392,307,461,678,881,619,372,598,-323,431,427,-864,-415,-490,506,-49,-275,-829,-646,-129,16,779,316,159,-343,121,-998,-406,702,-581,-982,-690,726,552,988,680,244,433,279,920,-136,-221,-943,521,289,635,-527,-986,805,-174,-43,-106,-395,-727,-873,335,394,-872,928,169,-381,-980,478,-655,571,539,-974,-185,45,377,-265,981,-771,-136,503,517,-501,-951,603,-623,-53,-439,344,624,-94,470,-41,-700,670,-112,541,-638,-93,93,-293,-449,-295,-195,438,750,-745,-754,731,-517,110,307,-926,681,355,749,-868,-698,-617,475,926,289,18,-42,661,-239,845,203,122,-175,-631,901,448,73,-294,-114,-177,33,132,-372,516,-685,934,662,995,290,411,-800,664,867,674,663,156,-235,-378,-110,525,-460,-907,-279,438,-539,-378,-41,534,401,845,-570,-493,-23,57,-904,364,65,757,359,-572,242,559,-908,109,306,828,-662,-928,-477,227,669,135,393,-537,-427,853,158,532,460,-441,450,963,65,-500,93,161,863,-842,-9,295,-415,-767,-146,-323,414,-766,-422,751,-622,100,-21,-880,-765,-628,-417,-119,-702,740,-514,831,-628,935,794,436,-565,-113,-330,-702,45,734,592,629,966,-480,-621,381,-174,29,205,203,-871,-816,395,-563,-445,977,317,-74,790,802,-243,-838,810,-376,671,-755,510,-586,-385,-372,-852,-720,-669,-812,-201,-291,641,697,811,-154,-27,939,103,-631,-551,730,-581,765,-344,-790,640,412,-629,450,-964,-885,694,619,-471,-618,-753,-324,-338,-350,-64,460,432,-423,231,243,423,-796,182,-474,-428,704,-671,64,469,-15,273,183,-530,716,-367,-421,831,-599,-802,-567,-218,-483,181,443,167,-882,-23,-401,-306,-792,841,-810,-516,96,-212,129,-200,117,-807,-657,-825,465,525,-356,254,-769,222,85,-369,419,517,486,-990,-301,-71,249,-111,978,847,582,-741,761,845,-257,-70,-294,871,803,822,-863,-781,-930,674,816,-286,-72,-953,935,-986,-249,428,603,-763,437,-625,238,-314,263,217,-394,-81,475,-560,-236,-709,442,469,-765,318,365,-629,536,434,-955,352,-852,-27,472,-843,59,-704,584,-338,-468,94,110,842,852,-627,59,-469,291,-392,-30,-945,-102,-588,597,133,803,35,576,339,-458,621,-235,-237,-333,-690,-81,725,-395,-424,-540,209,669,569,51,594,942,-816,-875,306,-136,94,361,761,578,31,-33,381,-934,-456,-206,-320,-762,631,442,-96,940,-639,-298,-382,9,161,826,-249,-269,-50,-655,-254,133,-531,-948,996,635,485,831,214,-484,-129,-332,-346,487,534,334,724,165,-151,-299,178,283,402,795,-708,-436,694,43,367,-355,387,-887,777,929,-763,847,564,722,678,-149,-689,-451,592,38,-890,126,-555,833,-635,293,-465,542,-351,-990,411,-59,-354,105,983,-987,749,443,-802,600,372,-565,447,10,-770,125,860,-387,746,525,723,855,-348,-759,762,89,534,-630,-296,-744,-621,-885,196,25,293,252,110,42,-231,308,-285,-859,815,-838,223,-882,359,157,-197,179,-318,-473,107,406,-233,-131,-505,-626,311,199,-370,763,386,825,-139,-321,151,970,794,919,351,-491,-867,239,-256,356,356,-897,-414,-840,354,267,-241,-538,-253,525,403,314,972,-285,-414,-398,-522,972,-500,338,-276,650,381,-409,642,-267,100,775,971,916,204,328,-908,789,560,446,56,-681,907,875,916,383,190,888,-902,775,-437,-352,747,136,985,-455,-141,367,135,-498,-827,-692,-723,-856,-776,480,544,-684,269,177,834,-602,568,814,-653,558,197,536,446,295,311,-917,-984,132,218,-998,676,-923,441,-116,-349,686,192,-73,829,488,-520,447,876,821,-303,710,-707,-734,524,-361,823,-205,-825,342,-837,485,424,-822,-310,-285,-748,-634,-135,765,250,515,451,-485,-484,354,-997,-5,-126,879,-183,570,662,109,835,260,747,658,-945,921,74,-783,479,-429,-533,-830,286,-281,-392,-776,-516,930,811,-991,-555,-673,362,-479,322,-691,-527,-788,878,-865,320,714,394,140,445,521,134,-481,810,-314,90,-722,-145,-551,69,536,-328,625,466,-517,633,984,-117,68,-495,-795,376,50,-584,255,184,808,42,-348,21,-513,-827,-845,6,983,-160,-831,-739,768,-383,402,304,361,27,-157,916,-339,-100,-201,801,477,76,251,-473,564,-494,711,445,547,-637,-534,-893,-392,-307,185,-409,533,353,-76,374,-957,-674,-249,476,353,666,466,-913,-433,-735,887,-956,414,211,-429,-22,716,-645,-576,336,-210,-111,516,397,582,-299,-938,188,-872,-15,-365,-830,384,385,719,-190,51,185,-104,690,522,-144,734,-64,-932,-622,914,856,-268,-662,266,521,299,-218,-9,-46,482,52,-785,609,-889,-78,852,494,-693,644,-623,431,-171,272,194,-649,-799,-72,287,-659,378,274,-802,-890,684,463,703,56,-755,-232,-989,799,892,-702,482,-997,220,407,569,599,51,945,103,952,290,-702,-697,491,298,662,904,-323,9,-898,-141,-307,637,-364,749,954,403,832,827,295,-797,309,371,495,-284,13,95,839,-41,-729,791,-678,-359,-833,885,-987,902,790,-311,-89,964,620,677,675,-671,426,629,804,331,529,173,606,-162,-456,102,626,556,-730,538,-412,-460,329,-90,181,496,-132,193,398,-342,954,-691,-304,647,985,-629,976,484,-927,780,-112,602,26,-432,-560,569,669,-860,199,938,677,859,-449,80,-231,804,-424,710,70,-953,-632,97,-572,63,-182,-513,506,-206,-956,579,-353,5,181,673,572,693,315,314,905,-486,252,583,-626,875,-264,215,753,311,-2,-177,430,366,920,857,-498,-262,-583,-991,604,-539,660,-676,465,-159,-930,110,-466,458,-576,-560,971,748,-904,-582,623,-169,706,376,-785,-296,-727,717,-857,-734,647,-282,76,-935,-201,-247,-402,-541,76,-864,372,219,245,978,-323,668,-582,-279,489,-414,212,185,489,-9,-365,776,694,-93,493,910,172,141,-299,-679,205,499,73,875,-969,-778,-989,402,513,255,380,-810,-4,871,-89,-515,-470,-804,669,-980,186,-696,795,-47,210,362,-137,-545,-424,563,-152,853,135,920,728,165,-784,738,-433,728,-7,-979,918,988,891,-98,-527,-579,170,-785,-487,-644,-481,-618,308,801,743,-828,-670,-681,807,177,-828,-57,171,899,-819,386,637,-179,187,-297,-159,178,-236,-268,-847,309,225,322,523,738,677,-885,-880,59,916,935,230,-681,-746,110,495,-502,-874,-261,-530,-693,-802,-820,127,385,-118,-959,-364,645,-228,-211,-46,-930,-889,-523,807,861,-408,926,-80,-419,934,-777,-101,-812,332,-533,-242,531,206,227,837,476,406,37,-66,-639,77,570,-994,921,-641,32,990,-458,509,871,-524,-826,870,395,-173,805,690,798,992,96,-735]	290
